# vtk DataFile Version 2.0
Square plate test
ASCII
DATASET UNSTRUCTURED_GRID
POINTS 960 float
1.70809 3.33323 1.91328
1.80455 2.90552 2.03979
2.14265 2.87472 1.2267
1.4743 2.87488 1.8082
2.31178 2.90635 1.57491
2.07163 3.296 1.09373
1.37841 3.29774 1.69905
2.23468 3.33428 1.42435
1.15643 2.89027 2.68788
1.58273 2.90209 2.78645
1.07921 3.32881 2.66078
1.51517 3.32794 2.76188
2.08762 2.91228 2.32749
1.90114 2.90981 2.87779
2.06893 3.33065 2.28266
1.90305 3.32498 2.87298
2.472 2.91362 1.96025
2.45184 3.33292 1.9125
1.64325 2.89773 1.91946
1.73329 3.2018 1.94652
2.00868 2.908 1.7301
2.2276 2.89838 1.39897
2.09263 3.16926 1.13272
1.75618 2.86758 1.44844
1.40713 3.17001 1.73088
2.25508 3.20289 1.46366
1.53955 3.32636 1.79385
1.90396 3.33638 1.55562
2.14762 3.3266 1.24837
1.65895 3.28192 1.30286
1.67178 2.90239 2.41992
1.28004 2.88599 2.2425
1.10315 3.19252 2.66906
1.37939 2.8977 2.73663
1.53213 3.19585 2.76834
1.59565 3.32902 2.36086
1.19637 3.32089 2.18435
1.30177 3.32877 2.70889
1.95405 2.90734 2.17415
1.7591 2.90545 2.83446
2.06871 3.20572 2.28998
1.97628 2.91077 2.60378
1.89666 3.20175 2.87253
1.88443 3.33058 2.0715
1.71655 3.32658 2.81736
1.97174 3.32761 2.58864
2.45371 3.20756 1.91898
2.24844 2.91351 2.09696
2.39373 2.90824 1.76013
2.33527 3.33205 1.63972
2.22039 3.33285 2.03171
1.70594 3.38222 1.91006
2.06513 3.33885 1.08223
1.3689 3.34176 1.68998
2.23244 3.3831 1.42102
1.06994 3.38211 2.65776
1.51503 3.37918 2.76123
2.07873 3.37135 2.29042
1.91487 3.36385 2.87628
2.45817 3.37401 1.92341
1.56801 3.1959 1.82819
1.8832 2.89857 1.58371
1.93166 3.20585 1.60136
2.16967 3.19661 1.28942
1.68774 3.1588 1.34496
1.77409 3.32567 1.41355
1.48343 2.89704 2.32937
1.61507 3.19654 2.37642
1.22191 3.18666 2.20181
1.32268 3.19462 2.71652
1.39758 3.3277 2.26653
1.90088 3.20074 2.09681
1.83831 2.90573 2.51208
1.72547 3.19773 2.82139
1.96728 3.20328 2.58953
1.78792 3.32794 2.468
2.22337 3.20762 2.04332
2.34953 3.20193 1.66899
2.13098 2.9087 1.89779
2.05168 3.33259 1.75352
1.53449 3.37296 1.78796
1.90092 3.38326 1.55138
2.14351 3.37246 1.24157
1.64999 3.32099 1.29144
1.59486 3.38065 2.35926
1.18714 3.37188 2.17852
1.29876 3.38153 2.70751
1.88633 3.37864 2.07222
1.72 3.37374 2.81785
1.98291 3.36784 2.59443
2.33597 3.3804 1.64138
2.22845 3.37364 2.04112
1.80425 3.19753 1.45997
1.42084 3.19413 2.2838
1.79907 3.19817 2.47867
2.07101 3.20285 1.78914
1.76831 3.36842 1.4058
1.39399 3.37953 2.26342
1.79081 3.37638 2.46871
2.05267 3.38012 1.75442
1.48367 3.32749 3.52299
1.55519 2.90183 3.51048
1.12573 2.89048 3.59433
1.04459 3.32908 3.60956
1.38633 2.8776 4.48542
1.72561 2.90517 4.26149
1.27751 3.30299 4.57765
1.61555 3.33261 4.36833
1.87623 2.90903 3.42816
2.01581 2.91217 3.98857
1.87653 3.32338 3.4258
1.99129 3.32966 4.0222
1.35025 2.89777 3.55263
1.50161 3.1954 3.51966
1.54226 2.90258 3.14731
1.10461 2.89075 3.13995
1.06961 3.19279 3.60472
1.26851 3.3288 3.56776
1.47505 3.32807 3.14103
1.02819 3.32903 3.13397
1.61762 2.90198 3.88039
1.21967 2.88693 4.04487
1.30977 3.1742 4.55063
1.55942 2.89844 4.37687
1.64417 3.20101 4.34037
1.53313 3.3283 3.92602
1.12788 3.32254 4.08998
1.44161 3.32764 4.4832
1.73303 2.90485 3.46872
1.87953 2.90676 4.13386
1.87035 3.20027 3.42753
1.92719 2.90977 3.70702
1.99222 3.20474 4.01726
1.68727 3.32555 3.47557
1.79893 3.32944 4.21926
1.91918 3.32537 3.71456
1.86639 2.90928 3.15181
1.8692 3.32337 3.14794
1.48353 3.37883 3.52342
1.03511 3.38234 3.61164
1.2674 3.34789 4.58556
1.61334 3.38208 4.37082
1.88874 3.36244 3.42354
2.00169 3.37074 4.01528
1.29049 3.19469 3.56352
1.33402 2.89838 3.14359
1.49184 3.19654 3.14264
1.052 3.19282 3.13569
1.25708 3.32924 3.13721
1.42605 2.89731 3.96373
1.55465 3.19578 3.91403
1.15565 3.18805 4.07632
1.47369 3.19683 4.45421
1.33153 3.32806 4.01246
1.69692 3.19668 3.47402
1.78709 2.90484 3.79484
1.81807 3.19943 4.19832
1.91528 3.20118 3.71509
1.72993 3.32636 3.8277
1.72211 2.90549 3.15032
1.86247 3.20085 3.14864
1.67984 3.32597 3.14481
1.26542 3.3815 3.56867
1.47506 3.37839 3.14095
1.01877 3.38231 3.13353
1.53233 3.38017 3.92718
1.11823 3.37371 4.09475
1.43634 3.37467 4.48801
1.69084 3.37295 3.47525
1.80094 3.37811 4.21843
1.93099 3.36593 3.70972
1.88126 3.36137 3.14848
1.2778 3.19545 3.1389
1.35703 3.19444 3.99906
1.74268 3.19653 3.81983
1.68858 3.19777 3.14613
1.25412 3.38138 3.137
1.32779 3.37991 4.01488
1.73301 3.37525 3.82701
1.68348 3.37212 3.14493
1.12185 2.75558 1.60111
1.96313 2.75693 0.889471
1.09603 3.13213 1.56554
1.94583 3.13191 0.846712
0.690327 2.77284 2.59653
0.668719 3.16508 2.58636
1.11372 3.0219 1.58281
1.48841 2.74738 1.19301
1.2998 2.82987 1.70307
2.0551 2.82952 1.05717
1.95621 3.02271 0.869714
1.22909 3.23658 1.62444
1.46347 3.1157 1.14637
2.00495 3.23395 0.959988
0.857723 2.76843 2.08015
0.689813 3.04583 2.59291
0.923518 2.85644 2.64093
0.834211 3.15673 2.0602
0.863017 3.2877 2.61934
1.07356 3.16429 1.54877
1.93373 3.16282 0.822087
0.637336 3.20746 2.57835
1.47789 3.00982 1.16787
1.25445 3.11505 1.65047
1.62535 2.81664 1.31973
2.0221 3.11367 0.993003
1.55619 3.21023 1.21623
0.854191 3.04017 2.07201
1.069 2.84965 2.1594
0.88753 3.15459 2.62739
1.00444 3.27506 2.11526
1.21374 3.2763 1.61171
1.44711 3.1433 1.12671
1.99573 3.27229 0.94255
0.806006 3.19571 2.04655
0.844242 3.3383 2.61404
1.57974 3.09459 1.24978
1.02934 3.14505 2.13102
1.54367 3.24471 1.20089
0.986927 3.32239 2.10581
0.657059 2.77304 3.67291
0.632777 3.16556 3.67669
0.654791 3.04624 3.67285
0.622495 2.77299 3.13316
0.891405 2.85666 3.63472
0.827483 3.28808 3.64651
0.60107 3.16531 3.1299
0.600892 3.20795 3.68247
0.622655 3.04562 3.13128
0.853031 3.15491 3.64169
0.864075 2.85664 3.13645
0.804226 3.28766 3.13149
0.808349 3.33872 3.65025
0.568611 3.20854 3.12878
0.828823 3.15432 3.13311
0.784958 3.33882 3.13073
1.02609 2.75751 4.69088
0.992888 3.13682 4.71871
0.792199 2.76916 4.19806
1.01324 3.02534 4.70393
1.20801 2.83364 4.58935
0.763498 3.15851 4.21139
1.12678 3.24421 4.65503
0.968778 3.17014 4.73435
0.785295 3.04153 4.20221
1.00592 2.85088 4.1232
1.15533 3.12106 4.63281
0.934446 3.27745 4.15686
0.734255 3.19779 4.2231
1.11029 3.28521 4.66663
0.961437 3.14696 4.14447
0.916199 3.32513 4.16482
1.82703 2.75682 5.45494
2.02361 2.87697 5.10869
1.80008 3.13504 5.49196
1.93656 3.30166 5.22836
2.20967 2.90591 4.75915
2.11589 3.33373 4.8914
1.36796 2.74957 5.12022
1.64716 2.87134 4.85901
1.81397 3.02411 5.47032
1.92759 2.83253 5.28213
1.96197 3.17334 5.19307
1.33405 3.12188 5.15883
1.53368 3.28964 4.98597
1.86399 3.24191 5.36967
1.91201 2.90771 4.57925
2.11699 2.89861 4.93443
2.14055 3.20202 4.85695
1.79009 3.33592 4.73008
2.01984 3.32778 5.06871
1.78576 3.1678 5.51673
1.92927 3.34598 5.23909
2.11346 3.38323 4.89417
1.35176 3.01406 5.13948
1.51085 2.82188 4.99004
1.5669 3.16478 4.94908
1.88523 3.11941 5.33923
1.42858 3.22137 5.07973
1.77989 2.89944 4.72335
1.82215 3.20509 4.69069
2.04636 3.19713 5.03219
1.65297 3.32754 4.87146
1.31557 3.15136 5.17823
1.52397 3.3302 4.99627
1.85332 3.28224 5.38677
1.78693 3.38347 4.73344
2.01539 3.37448 5.0746
1.45612 3.10322 5.04998
1.68772 3.19875 4.83118
1.41466 3.25792 5.09438
1.64693 3.37108 4.87795
2.24103 2.93266 2.51205
2.05862 2.92787 2.92786
2.56709 2.93484 2.19821
2.18878 2.92063 2.45504
2.00294 2.91676 2.9108
2.20626 3.23187 2.45881
2.13086 2.93029 2.71122
2.03146 3.22483 2.91453
2.53399 2.9225 2.12352
2.38712 2.93438 2.33836
2.54292 3.23461 2.13467
2.26884 2.94653 2.53378
2.09124 2.94106 2.93693
2.58574 2.94893 2.2286
2.16193 3.1397 2.41035
2.07676 2.91859 2.67638
1.98461 3.13452 2.90143
2.10131 3.22829 2.68298
2.51462 3.14192 2.07086
2.34064 2.92217 2.26476
2.35167 3.23438 2.26755
2.27716 3.36219 2.53663
2.16176 2.94393 2.7272
2.10468 3.35173 2.93561
2.41074 2.94837 2.36486
2.58969 3.36576 2.23628
2.07667 3.18022 2.66819
2.33213 3.18552 2.2394
2.17309 3.35717 2.72828
2.41624 3.36549 2.36964
2.03551 2.927 3.3824
1.97899 2.91591 3.39675
2.0262 2.92643 3.15417
2.00732 3.22315 3.38948
2.0689 2.9402 3.37659
1.96959 2.91568 3.15278
1.95982 3.1331 3.40207
1.99928 3.22271 3.1509
2.05953 2.93935 3.15579
2.08194 3.34963 3.37006
1.97315 3.17602 3.1504
2.07371 3.34838 3.15181
2.38023 2.91583 4.39272
2.351 3.33605 4.42843
2.16064 2.9147 4.23106
2.29848 2.90845 4.57964
2.35484 3.21008 4.42465
2.12464 3.33398 4.2823
2.22589 3.33224 4.68259
2.35794 3.37787 4.41814
2.04008 2.90863 4.41804
2.12935 3.20852 4.27384
2.24368 3.20176 4.65767
1.94674 3.33224 4.54073
2.13322 3.37526 4.27361
2.2266 3.38132 4.68096
1.96957 3.20222 4.51058
1.94776 3.38048 4.53968
2.17273 2.93334 3.81568
2.11877 2.92112 3.86829
2.08489 2.92938 3.60531
2.13508 3.23154 3.86005
2.20218 2.9472 3.79692
2.02932 2.91766 3.63712
2.08939 3.13938 3.90622
2.05334 3.22611 3.62697
2.11718 2.94303 3.59256
2.20903 3.36167 3.78674
2.0279 3.17817 3.64067
2.12762 3.35441 3.58387
2.47937 2.94004 4.17275
2.44413 2.92677 4.24241
2.30292 2.93739 4.007
2.44943 3.24027 4.22609
2.50028 2.95447 4.14341
2.25461 2.92469 4.07511
2.42033 3.14629 4.28652
2.26347 3.23706 4.067
2.32838 2.95144 3.98282
2.49837 3.37364 4.13051
2.24347 3.18791 4.09367
2.331 3.36892 3.97139
1.24129 2.09802 2.72196
1.57995 2.09373 1.93446
1.66973 2.11023 2.82231
1.92155 2.10994 2.19558
2.40373 2.11035 1.75883
2.22118 2.09441 1.37752
1.91822 2.11421 2.89481
2.12406 2.11463 2.39777
2.50452 2.11493 2.03715
1.88095 2.51726 2.14038
1.54391 2.49018 1.8898
1.21162 2.49959 2.70844
1.37215 2.09663 2.31181
1.47475 2.10572 2.77476
1.76558 2.10399 2.0711
1.6382 2.51682 2.80737
1.76755 2.11021 2.49791
2.19455 2.49043 1.32514
1.8634 2.09207 1.61475
2.3722 2.5178 1.6945
2.13314 2.10985 1.94076
2.32097 2.10452 1.57897
1.81973 2.11269 2.8629
2.04275 2.11301 2.30533
2.11098 2.52403 2.37135
1.91036 2.52276 2.8861
1.99909 2.11446 2.6372
2.49339 2.52484 2.0088
2.29269 2.11477 2.19244
2.46606 2.11334 1.91295
1.72316 2.50828 2.01723
1.73339 2.51684 2.46816
1.34028 2.4967 2.28598
1.44053 2.51055 2.75934
1.58734 2.10517 2.40947
2.09063 2.51771 1.86789
2.28888 2.50873 1.51587
1.82712 2.48607 1.55711
2.00997 2.10338 1.78562
2.01199 2.52117 2.25863
1.79726 2.52027 2.85036
1.9068 2.11291 2.57465
1.98984 2.52339 2.62261
2.27757 2.52455 2.15815
2.4414 2.52178 1.85937
2.22877 2.1131 2.07732
1.55054 2.50965 2.37926
1.96655 2.50759 1.71539
1.88208 2.52064 2.55012
2.19557 2.52162 2.01525
3.03188 2.90348 1.48557
3.05486 2.89134 1.06016
3.02057 3.32979 1.41416
3.04708 3.32725 0.983729
3.04535 2.11176 1.57679
3.06301 2.1011 1.14255
3.07775 2.77932 0.616294
3.08066 3.16923 0.595913
3.07016 2.06241 0.589852
1.9615 2.05199 0.900678
1.11393 2.05021 1.61794
2.59008 2.88606 1.10869
2.6681 2.90378 1.5136
3.02353 3.19716 1.43246
3.04343 2.89887 1.27835
3.0493 3.19229 1.00767
2.55486 3.31833 1.00843
2.63023 3.3308 1.41277
3.033 3.32899 1.19953
3.04076 2.51845 1.54363
2.71418 2.1111 1.64059
3.05563 2.10786 1.37409
3.06051 2.50181 1.11414
2.62911 2.09825 1.22079
3.06626 2.85884 0.837364
2.50618 2.77174 0.695544
3.08055 3.05159 0.616487
3.06293 3.28663 0.778579
2.49945 3.1575 0.664056
3.06777 2.08734 0.881399
2.10212 2.07769 1.15219
1.96532 2.40865 0.901341
3.07378 2.42531 0.604395
2.50033 2.05784 0.686217
1.12154 2.40705 1.61472
1.48795 2.0483 1.21675
1.36322 2.07663 1.78397
2.62988 2.89814 1.31419
2.56532 3.18566 1.03876
2.64016 3.19823 1.43887
3.03576 3.19521 1.22106
2.59047 3.32807 1.20735
2.6158 2.49757 1.18159
2.69809 2.51792 1.59487
3.05155 2.51231 1.33986
2.67678 2.10635 1.44414
2.54882 2.84982 0.901133
3.06422 3.1554 0.802683
2.50498 3.04262 0.68653
2.52424 3.2715 0.824506
2.08732 2.45852 1.1208
3.06785 2.47635 0.868358
2.57052 2.08326 0.96875
2.50423 2.41882 0.694353
1.49258 2.40225 1.21243
1.34333 2.45806 1.75624
1.69041 2.07426 1.42588
2.60119 3.19517 1.23647
2.66044 2.51065 1.39769
2.53308 3.14353 0.853015
2.56384 2.46989 0.946999
1.66993 2.4515 1.39035
0.666694 2.05576 2.5989
0.679531 2.41864 2.5982
0.839995 2.05395 2.08505
0.971296 2.08282 2.66348
0.850945 2.41514 2.08452
0.956326 2.4727 2.65471
1.12277 2.08081 2.20399
1.10597 2.4684 2.18789
3.00402 2.91442 1.84265
3.00209 3.33373 1.84024
3.00874 2.11492 1.86683
2.73247 2.9136 1.88595
3.00157 3.20862 1.83473
3.0191 2.90779 1.67572
2.72512 3.33263 1.86776
3.01015 3.33093 1.6277
3.00717 2.52517 1.85602
2.74729 2.115 1.92943
3.03033 2.11378 1.74344
2.72477 3.2073 1.86632
2.70291 2.90744 1.70487
3.01226 3.20075 1.63823
2.67487 3.33087 1.63085
2.74205 2.52501 1.9119
3.02651 2.52211 1.71813
2.73859 2.1136 1.8043
2.68158 3.20042 1.6481
2.72615 2.52187 1.76799
3.0203 3.38189 1.41325
3.04653 3.37921 0.974058
3.07944 3.20955 0.564956
2.55156 3.36753 0.997905
2.6293 3.38242 1.41098
3.0327 3.38149 1.19588
3.06202 3.33519 0.759764
2.49174 3.19439 0.634851
2.58875 3.37889 1.20251
2.51886 3.3166 0.805801
3.0041 3.3743 1.85248
2.72951 3.37378 1.87972
3.01041 3.37971 1.63064
2.67547 3.38007 1.63336
0.637067 2.05553 3.67908
1.21644 2.09799 3.57913
1.64869 2.11027 3.49629
0.648259 2.41859 3.67546
0.597796 2.05613 3.13756
1.18889 2.09834 3.14952
0.94408 2.08273 3.62684
1.18424 2.49969 3.58395
1.61427 2.51678 3.50089
1.45203 2.1057 3.5357
1.6296 2.1102 3.15853
0.610803 2.41922 3.13532
0.926968 2.47279 3.62873
0.910996 2.08326 3.14393
1.15918 2.50015 3.14511
1.41502 2.51059 3.54129
1.59771 2.51689 3.15322
1.42919 2.10583 3.15437
0.896096 2.47336 3.14042
1.39481 2.51089 3.14938
1.89816 2.11452 3.43106
1.8838 2.11415 3.16222
1.79966 2.11282 3.46129
1.88767 2.52276 3.42894
1.77436 2.52019 3.46327
1.78339 2.11258 3.16136
1.87537 2.52245 3.15662
1.7604 2.5201 3.15589
2.03352 2.11417 2.93309
2.2213 2.11432 2.50801
2.55481 2.11465 2.18446
1.98342 2.11472 2.91816
2.17906 2.11501 2.46722
2.22785 2.52836 2.50692
2.04061 2.52676 2.92877
2.10787 2.11426 2.71174
2.53036 2.1153 2.1286
2.55936 2.52955 2.18688
2.37117 2.11443 2.32966
2.18168 2.52628 2.46023
1.98799 2.52477 2.91283
2.06068 2.11489 2.68357
2.11488 2.52761 2.70895
2.53157 2.52732 2.12418
2.33635 2.11513 2.27895
2.37689 2.52901 2.33035
2.06474 2.52556 2.67806
2.33766 2.52689 2.27153
2.0137 2.11469 3.39636
1.96318 2.11519 3.40847
2.00117 2.11425 3.164
2.0185 2.52687 3.38967
1.95001 2.11475 3.1626
1.96534 2.52486 3.40277
2.00762 2.52633 3.15835
1.95399 2.52438 3.15694
2.99379 2.93638 2.03231
2.99131 2.11484 2.01288
2.99334 2.9238 1.96773
2.77222 2.93515 2.09503
2.99658 3.2362 1.99429
2.99195 2.11525 1.95423
2.99246 2.53051 2.01745
2.7642 2.11484 2.07725
2.75588 2.92269 2.02621
2.99623 3.14333 1.94131
2.76343 3.23456 2.04773
2.99254 2.52789 1.95617
2.75193 2.11538 2.01931
2.76723 2.53003 2.08107
2.75518 3.18575 2.0181
2.75325 2.52763 2.01883
2.9998 2.95056 2.06663
2.78502 2.9493 2.12814
2.99959 3.36726 2.07655
2.78749 3.36552 2.13807
1.5104 2.09388 4.38257
1.86342 2.11015 4.13434
2.06672 2.11576 3.94062
1.46671 2.49143 4.41755
1.3237 2.09662 3.99531
1.70248 2.10408 4.25234
1.81398 2.51743 4.17753
1.72671 2.1103 3.82507
1.98692 2.11355 4.02996
2.046 2.52486 3.9563
1.95968 2.11512 3.69324
1.68674 2.51684 3.84434
1.28675 2.49714 4.01232
1.65146 2.50876 4.29498
1.54316 2.10517 3.90595
1.94769 2.52146 4.06477
1.86776 2.11321 3.75379
1.94523 2.52359 3.69738
1.50072 2.50982 3.92613
1.83738 2.52061 3.7678
1.02778 2.04974 4.68438
1.03106 2.40757 4.68316
0.781422 2.05354 4.20188
1.28591 2.07672 4.52619
0.789233 2.41522 4.1982
1.25986 2.45963 4.54652
1.06942 2.08072 4.09375
1.0484 2.4689 4.10298
1.83744 2.04971 5.45113
2.12545 2.09352 4.97513
2.32803 2.11028 4.59986
1.37887 2.04739 5.10724
1.83595 2.40731 5.44786
1.9932 2.07635 5.19969
1.77737 2.09208 4.71711
2.08894 2.49092 5.02084
2.23634 2.10393 4.77575
2.06259 2.11006 4.40047
2.28494 2.51784 4.65458
1.37841 2.40261 5.10736
1.59376 2.07413 4.90217
1.97046 2.45896 5.22631
1.7316 2.48765 4.76521
1.93266 2.10335 4.55042
2.19318 2.5087 4.83057
2.00904 2.51797 4.46082
1.56575 2.45348 4.93056
1.87852 2.50814 4.60931
2.43368 2.11668 4.33636
2.39548 2.11404 4.45192
2.22336 2.11632 4.15955
2.41167 2.52684 4.35563
2.16141 2.11384 4.26945
2.35938 2.52249 4.49543
2.19861 2.5261 4.18321
2.11759 2.52225 4.31903
2.16234 2.11616 3.8359
2.1196 2.11667 3.87353
2.16241 2.52992 3.828
2.06835 2.11536 3.6228
2.11541 2.52767 3.87107
2.02052 2.11588 3.64803
2.07088 2.52815 3.61534
2.01986 2.52602 3.6432
2.48388 2.11756 4.19953
2.45802 2.11794 4.25248
2.29955 2.11694 4.03003
2.47834 2.5332 4.19002
2.26417 2.1174 4.07749
2.44895 2.53053 4.24917
2.29695 2.53176 4.02158
2.25682 2.52934 4.07639
0.898539 2.68601 1.46838
1.84448 2.68945 0.674861
0.39928 2.68756 2.53967
0.272133 2.03019 2.51423
0.789323 2.02688 1.39929
1.77528 2.02957 0.57078
0.976186 2.69372 1.51773
1.88637 2.69691 0.752427
1.31488 2.6867 1.02775
0.984189 2.95754 1.51572
1.89283 2.96028 0.752227
0.500899 2.69728 2.56075
0.593866 2.68658 1.97845
0.509683 2.96402 2.56032
0.407102 2.03288 2.54392
0.899997 2.02883 1.47637
0.834958 2.36123 1.42806
0.32445 2.36615 2.52433
0.473138 2.02912 1.92904
1.83925 2.0313 0.685901
1.2227 2.02615 0.941152
1.80418 2.36427 0.614438
1.02 2.90211 1.53667
1.37504 2.693 1.08884
1.9098 2.90459 0.78738
1.38248 2.95548 1.08598
0.686058 2.69613 2.01606
0.560362 2.91145 2.57037
0.694433 2.9619 2.01573
0.933708 2.36536 1.4953
0.446988 2.37169 2.55079
0.598542 2.03154 1.9838
0.523204 2.36443 1.94925
1.31304 2.02775 1.03821
1.86034 2.36814 0.716108
1.26139 2.36003 0.977532
1.408 2.92283 1.11339
0.735378 2.9264 2.03335
0.636322 2.3696 1.99771
1.34107 2.3634 1.06196
3.08688 2.69881 0.338318
3.0678 2.0396 0.20921
3.0858 2.70768 0.436697
2.4482 2.69369 0.436212
3.09155 2.97372 0.445803
3.07017 2.04146 0.341319
3.07588 2.37669 0.262956
2.4045 2.03483 0.317143
2.47002 2.70273 0.528409
3.08737 2.92051 0.493936
2.4757 2.96776 0.532738
3.07693 2.38124 0.382508
2.43838 2.03677 0.44506
2.42259 2.37086 0.36688
2.48525 2.93287 0.574971
2.4521 2.37545 0.481648
0.854899 2.70538 1.43604
1.82003 2.70827 0.627036
0.341565 2.71076 2.52592
1.28134 2.70444 0.988215
0.952557 2.98193 1.49295
1.87616 2.98371 0.717897
0.541411 2.70839 1.95408
0.464636 2.99611 2.54941
1.35982 2.97659 1.05909
0.654219 2.99125 1.99716
3.08447 2.72132 0.28055
2.43355 2.71464 0.381485
3.08988 3.00427 0.401321
2.46503 2.99552 0.491322
0.364181 2.68758 3.72029
0.239159 2.0297 3.74662
0.466661 2.69741 3.7033
0.320734 2.68816 3.12822
0.473876 2.96443 3.70099
0.375422 2.03249 3.72322
0.29038 2.36576 3.73527
0.192182 2.03031 3.12878
0.525254 2.91179 3.69319
0.426002 2.69757 3.13033
0.434608 2.96461 3.12892
0.414075 2.37146 3.71426
0.330966 2.03311 3.13198
0.244806 2.36654 3.12808
0.48201 2.92728 3.13023
0.371106 2.37214 3.13087
0.305661 2.71066 3.73057
0.261077 2.71176 3.12646
0.428182 2.99646 3.709
0.387921 2.99751 3.12744
0.796309 2.68484 4.82129
0.691153 2.02546 4.89127
0.876787 2.69324 4.77364
0.524435 2.68631 4.29246
0.881013 2.95799 4.77277
0.806141 2.02773 4.81884
0.734461 2.35985 4.86166
0.407378 2.02814 4.34253
0.61841 2.69617 4.25822
0.918765 2.90301 4.75228
0.623879 2.96253 4.25583
0.837018 2.36454 4.79802
0.535477 2.03078 4.29354
0.455492 2.3636 4.32133
0.666112 2.92695 4.24037
0.571008 2.36911 4.27773
0.750243 2.70439 4.85137
0.470367 2.70801 4.31372
0.847286 2.98306 4.79413
0.582333 2.99198 4.27195
1.69638 2.68484 5.67464
1.63143 2.02589 5.77935
1.74294 2.69315 5.59611
1.18517 2.68406 5.28821
1.74436 2.95727 5.59402
1.70218 2.02807 5.66562
1.65809 2.36021 5.73576
1.097 2.02394 5.37587
1.24917 2.69132 5.22709
1.76462 2.90238 5.55781
1.2522 2.95487 5.22707
1.19313 2.02596 5.28194
1.72022 2.36479 5.63464
1.13332 2.35767 5.33892
1.28037 2.92183 5.19997
1.21809 2.36177 5.25652
1.66858 2.7042 5.72184
1.14856 2.70229 5.32644
1.72478 2.98201 5.62856
1.22684 2.97723 5.25364
2.93381 2.77314 5.79922
2.92668 2.68973 6.08562
2.92776 3.16465 5.8212
2.93831 2.05519 5.8229
2.9138 2.0306 6.21341
2.93748 2.88918 5.34182
2.91741 3.32696 5.42038
2.96523 2.09694 5.25591
2.36255 2.76832 5.68471
2.93127 2.69918 5.98487
2.93088 3.04612 5.79988
2.29015 2.68684 5.95047
2.34623 3.15605 5.71408
2.93167 2.96585 5.97617
2.36881 2.05342 5.69627
2.93636 2.41855 5.80997
2.92356 2.03303 6.07886
2.25138 2.02892 6.06932
2.91874 2.36756 6.16091
2.9355 2.85526 5.57081
2.46921 2.88582 5.26084
2.92308 3.19116 5.39584
2.92099 3.28529 5.63213
2.41989 3.32034 5.35607
2.95366 2.08164 5.52282
2.52971 2.09591 5.15521
2.95381 2.49859 5.28596
2.31725 2.6965 5.8567
2.35523 3.03997 5.69195
2.93189 2.91301 5.92641
2.31751 2.96199 5.8512
2.29256 2.03134 5.94092
2.36737 2.41488 5.68771
2.92648 2.37275 6.03891
2.26711 2.36451 6.02036
2.41642 2.84914 5.4732
2.92571 3.15301 5.6072
2.43427 3.18656 5.32714
2.37934 3.27388 5.54656
2.45593 2.07999 5.40962
2.9462 2.47161 5.53776
2.50694 2.49623 5.19193
2.33028 2.92678 5.80832
2.30311 2.36974 5.90466
2.39199 3.14441 5.51887
2.44146 2.46776 5.42997
2.93942 2.90273 4.91001
2.9154 3.32931 4.98075
2.97558 2.11044 4.81952
2.93904 2.89749 5.11922
2.56876 2.90312 4.85235
2.92165 3.19653 4.96258
2.91592 3.32863 5.19893
2.51649 3.33015 4.9443
2.6392 2.11051 4.73779
2.97267 2.10518 5.02165
2.96023 2.5175 4.85249
2.52022 2.89744 5.05232
2.92204 3.19439 5.17717
2.53014 3.19732 4.92049
2.46617 3.32819 5.15214
2.59064 2.10485 4.93171
2.61192 2.51752 4.77856
2.95866 2.51029 5.0568
2.48075 3.19475 5.12495
2.56378 2.50968 4.97449
2.92109 2.71253 6.14392
2.92455 3.20595 5.85284
2.91611 3.37966 5.43018
2.27214 2.70825 6.00515
2.33639 3.19436 5.74367
2.92732 2.99713 6.02146
2.9188 3.33484 5.65133
2.4158 3.37065 5.36631
2.30399 2.99082 5.8931
2.37259 3.32044 5.56526
2.91491 3.3816 4.98171
2.91523 3.38154 5.20259
2.51532 3.3823 4.94594
2.46404 3.37969 5.1566
2.92797 2.91646 4.56308
2.91549 3.33633 4.56187
2.95704 2.11648 4.54571
2.93646 2.90801 4.72202
2.64565 2.9162 4.49593
2.91728 3.21092 4.56808
2.91541 3.33116 4.76776
2.62855 3.33659 4.50636
2.97128 2.11384 4.65803
2.6831 2.11676 4.46658
2.9428 2.52697 4.55343
2.61163 2.90774 4.66539
2.92053 3.20092 4.75768
2.63028 3.21051 4.50947
2.57067 3.33128 4.72991
2.67136 2.11408 4.58042
2.95583 2.52236 4.68179
2.6661 2.52712 4.47767
2.58059 3.20051 4.71493
2.64736 2.52244 4.61075
2.91814 3.37722 4.55004
2.91569 3.38008 4.76504
2.63364 3.37854 4.49493
2.5713 3.38105 4.72763
2.07608 2.11308 2.94381
2.25717 2.11311 2.53447
2.57857 2.11349 2.22252
2.26176 2.53035 2.53253
2.08072 2.52873 2.93931
2.14785 2.1131 2.73081
2.58196 2.53165 2.22324
2.40157 2.1132 2.36248
2.15262 2.52961 2.72756
2.40569 2.53102 2.36188
2.05696 2.1136 3.38949
2.0448 2.1132 3.1659
2.0594 2.52884 3.38308
2.04876 2.52829 3.16031
2.99877 2.11406 2.05717
2.99964 2.53308 2.05931
2.78027 2.11383 2.11921
2.7826 2.53232 2.12094
2.20001 2.11495 3.81301
2.19821 2.5319 3.80603
2.10966 2.1142 3.60755
2.11008 2.53013 3.60065
2.92481 2.94087 4.3834
2.9476 2.11784 4.41098
2.92155 2.92757 4.44595
2.69052 2.94123 4.30189
2.91787 3.24088 4.41608
2.94508 2.11796 4.46815
2.70375 2.11791 4.33099
2.93512 2.53397 4.40224
2.67166 2.92764 4.36707
2.91762 3.14709 4.46801
2.67391 3.24145 4.34117
2.68902 2.11817 4.38665
2.93221 2.53096 4.46204
2.69495 2.53401 4.32101
2.66516 3.19159 4.3696
2.67851 2.53112 4.38065
2.93291 2.95527 4.34815
2.70582 2.95588 4.26856
2.92141 3.37368 4.33587
2.69916 3.37539 4.25504
2.51051 2.11637 4.16205
2.33222 2.11571 3.99986
2.5038 2.53536 4.15452
2.32803 2.53377 3.99279
2.95737 2.11692 4.364
2.72289 2.11681 4.28748
2.94477 2.53648 4.35825
2.71341 2.53636 4.28006

CELLS 432 3888
8 92 60 19 62 65 26 0 27 
8 60 93 67 19 26 70 35 0 
8 19 67 94 71 0 35 75 43 
8 62 19 71 95 27 0 43 79 
8 65 26 0 27 96 80 51 81 
8 26 70 35 0 80 97 84 51 
8 0 35 75 43 51 84 98 87 
8 27 0 43 79 81 51 87 99 
8 172 144 113 146 148 117 100 118 
8 144 173 150 113 117 153 125 100 
8 113 150 174 154 100 125 158 133 
8 146 113 154 175 118 100 133 161 
8 148 117 100 118 176 162 138 163 
8 117 153 125 100 162 177 165 138 
8 100 125 158 133 138 165 178 168 
8 118 100 133 161 163 138 168 179 
8 216 203 24 64 206 191 6 29 
8 203 217 68 24 191 210 36 6 
8 24 68 93 60 6 36 70 26 
8 64 24 60 92 29 6 26 65 
8 206 191 6 29 218 211 53 83 
8 191 210 36 6 211 219 85 53 
8 6 36 70 26 53 85 97 80 
8 29 6 26 65 83 53 80 96 
8 217 209 32 68 210 198 10 36 
8 209 234 147 32 198 231 119 10 
8 32 147 172 69 10 119 148 37 
8 68 32 69 93 36 10 37 70 
8 210 198 10 36 219 215 55 85 
8 198 231 119 10 215 235 164 55 
8 10 119 148 37 55 164 176 86 
8 36 10 37 70 85 55 86 97 
8 234 229 116 147 231 225 103 119 
8 229 250 151 116 225 247 126 103 
8 116 151 173 144 103 126 153 117 
8 147 116 144 172 119 103 117 148 
8 231 225 103 119 235 232 139 164 
8 225 247 126 103 232 251 166 139 
8 103 126 153 117 139 166 177 162 
8 119 103 117 148 164 139 162 176 
8 250 246 122 151 247 242 106 126 
8 246 288 276 122 242 278 264 106 
8 122 276 289 152 106 264 282 127 
8 151 122 152 173 126 106 127 153 
8 247 242 106 126 251 249 140 166 
8 242 278 264 106 249 290 284 140 
8 106 264 282 127 140 284 291 167 
8 126 106 127 153 166 140 167 177 
8 93 69 34 67 70 37 11 35 
8 69 172 146 34 37 148 118 11 
8 34 146 175 73 11 118 161 44 
8 67 34 73 94 35 11 44 75 
8 70 37 11 35 97 86 56 84 
8 37 148 118 11 86 176 163 56 
8 11 118 161 44 56 163 179 88 
8 35 11 44 75 84 56 88 98 
8 95 71 40 76 79 43 14 50 
8 71 94 74 40 43 75 45 14 
8 40 74 318 306 14 45 309 297 
8 76 40 306 319 50 14 297 312 
8 79 43 14 50 99 87 57 91 
8 43 75 45 14 87 98 89 57 
8 14 45 309 297 57 89 320 313 
8 50 14 297 312 91 57 313 321 
8 94 73 42 74 75 44 15 45 
8 73 175 160 42 44 161 137 15 
8 42 160 332 308 15 137 329 299 
8 74 42 308 318 45 15 299 309 
8 75 44 15 45 98 88 58 89 
8 44 161 137 15 88 179 171 58 
8 15 137 329 299 58 171 333 315 
8 45 15 299 309 89 58 315 320 
8 173 152 124 150 153 127 107 125 
8 152 289 280 124 127 282 269 107 
8 124 280 348 156 107 269 345 134 
8 150 124 156 174 125 107 134 158 
8 153 127 107 125 177 167 141 165 
8 127 282 269 107 167 291 286 141 
8 107 269 345 134 141 286 349 169 
8 125 107 134 158 165 141 169 178 
8 175 154 130 160 161 133 110 137 
8 154 174 157 130 133 158 135 110 
8 130 157 360 328 110 135 357 325 
8 160 130 328 332 137 110 325 329 
8 161 133 110 137 179 168 142 171 
8 133 158 135 110 168 178 170 142 
8 110 135 357 325 142 170 361 331 
8 137 110 325 329 171 142 331 333 
8 174 156 132 157 158 134 111 135 
8 156 348 343 132 134 345 339 111 
8 132 343 372 356 111 339 369 353 
8 157 132 356 360 135 111 353 357 
8 158 134 111 135 178 169 143 170 
8 134 345 339 111 169 349 346 143 
8 111 339 369 353 143 346 373 359 
8 135 111 353 357 170 143 359 361 
8 92 60 18 61 62 19 1 20 
8 60 93 66 18 19 67 30 1 
8 18 66 420 404 1 30 405 383 
8 61 18 404 421 20 1 383 409 
8 62 19 1 20 95 71 38 78 
8 19 67 30 1 71 94 72 38 
8 1 30 405 383 38 72 422 413 
8 20 1 383 409 78 38 413 423 
8 92 63 21 61 64 22 2 23 
8 63 481 461 21 22 462 435 2 
8 21 461 482 410 2 435 466 391 
8 61 21 410 421 23 2 391 411 
8 64 22 2 23 216 205 189 204 
8 22 462 435 2 205 483 470 189 
8 2 435 466 391 189 470 484 474 
8 23 2 391 411 204 189 474 485 
8 216 203 188 204 64 24 3 23 
8 203 217 208 188 24 68 31 3 
8 188 208 493 479 3 31 406 384 
8 204 188 479 485 23 3 384 411 
8 64 24 3 23 92 60 18 61 
8 24 68 31 3 60 93 66 18 
8 3 31 406 384 18 66 420 404 
8 23 3 384 411 61 18 404 421 
8 95 77 48 78 62 25 4 20 
8 77 512 506 48 25 463 436 4 
8 48 506 513 418 4 436 467 393 
8 78 48 418 423 20 4 393 409 
8 62 25 4 20 92 63 21 61 
8 25 463 436 4 63 481 461 21 
8 4 436 467 393 21 461 482 410 
8 20 4 393 409 61 21 410 421 
8 92 63 22 64 65 28 5 29 
8 63 481 462 22 28 465 440 5 
8 22 462 483 205 5 440 473 193 
8 64 22 205 216 29 5 193 206 
8 65 28 5 29 96 82 52 83 
8 28 465 440 5 82 522 517 52 
8 5 440 473 193 52 517 523 213 
8 29 5 193 206 83 52 213 218 
8 95 77 25 62 79 49 7 27 
8 77 512 463 25 49 508 441 7 
8 25 463 481 63 7 441 465 28 
8 62 25 63 92 27 7 28 65 
8 79 49 7 27 99 90 54 81 
8 49 508 441 7 90 527 518 54 
8 7 441 465 28 54 518 522 82 
8 27 7 28 65 81 54 82 96 
8 217 209 196 208 68 32 8 31 
8 209 234 230 196 32 147 115 8 
8 196 230 546 491 8 115 542 385 
8 208 196 491 493 31 8 385 406 
8 68 32 8 31 93 69 33 66 
8 32 147 115 8 69 172 145 33 
8 8 115 542 385 33 145 547 407 
8 31 8 385 406 66 33 407 420 
8 93 69 33 66 67 34 9 30 
8 69 172 145 33 34 146 114 9 
8 33 145 547 407 9 114 544 389 
8 66 33 407 420 30 9 389 405 
8 67 34 9 30 94 73 39 72 
8 34 146 114 9 73 175 159 39 
8 9 114 544 389 39 159 555 414 
8 30 9 389 405 72 39 414 422 
8 95 71 38 78 76 40 12 47 
8 71 94 72 38 40 74 41 12 
8 38 72 422 413 12 41 416 398 
8 78 38 413 423 47 12 398 417 
8 76 40 12 47 319 306 295 311 
8 40 74 41 12 306 318 307 295 
8 12 41 416 398 295 307 574 567 
8 47 12 398 417 311 295 567 575 
8 94 73 39 72 74 42 13 41 
8 73 175 159 39 42 160 136 13 
8 39 159 555 414 13 136 554 399 
8 72 39 414 422 41 13 399 416 
8 74 42 13 41 318 308 296 307 
8 42 160 136 13 308 332 327 296 
8 13 136 554 399 296 327 583 568 
8 41 13 399 416 307 296 568 574 
8 319 310 300 311 76 46 16 47 
8 310 598 592 300 46 505 497 16 
8 300 592 599 571 16 497 509 401 
8 311 300 571 575 47 16 401 417 
8 76 46 16 47 95 77 48 78 
8 46 505 497 16 77 512 506 48 
8 16 497 509 401 48 506 513 418 
8 47 16 401 417 78 48 418 423 
8 319 310 46 76 312 302 17 50 
8 310 598 505 46 302 594 500 17 
8 46 505 512 77 17 500 508 49 
8 76 46 77 95 50 17 49 79 
8 312 302 17 50 321 317 59 91 
8 302 594 500 17 317 603 525 59 
8 17 500 508 49 59 525 527 90 
8 50 17 49 79 91 59 90 99 
8 172 144 112 145 146 113 101 114 
8 144 173 149 112 113 150 120 101 
8 112 149 622 543 101 120 615 536 
8 145 112 543 547 114 101 536 544 
8 146 113 101 114 175 154 128 159 
8 113 150 120 101 154 174 155 128 
8 101 120 615 536 128 155 623 552 
8 114 101 536 544 159 128 552 555 
8 234 229 224 230 147 116 102 115 
8 229 250 245 224 116 151 121 102 
8 224 245 631 540 102 121 616 535 
8 230 224 540 546 115 102 535 542 
8 147 116 102 115 172 144 112 145 
8 116 151 121 102 144 173 149 112 
8 102 121 616 535 112 149 622 543 
8 115 102 535 542 145 112 543 547 
8 250 246 240 245 151 122 104 121 
8 246 288 275 240 122 276 259 104 
8 240 275 650 629 104 259 646 607 
8 245 240 629 631 121 104 607 616 
8 151 122 104 121 173 152 123 149 
8 122 276 259 104 152 289 279 123 
8 104 259 646 607 123 279 651 617 
8 121 104 607 616 149 123 617 622 
8 173 152 123 149 150 124 105 120 
8 152 289 279 123 124 280 266 105 
8 123 279 651 617 105 266 649 610 
8 149 123 617 622 120 105 610 615 
8 150 124 105 120 174 156 129 155 
8 124 280 266 105 156 348 342 129 
8 105 266 649 610 129 342 659 619 
8 120 105 610 615 155 129 619 623 
8 175 154 128 159 160 130 108 136 
8 154 174 155 128 130 157 131 108 
8 128 155 623 552 108 131 621 551 
8 159 128 552 555 136 108 551 554 
8 160 130 108 136 332 328 323 327 
8 130 157 131 108 328 360 355 323 
8 108 131 621 551 323 355 667 581 
8 136 108 551 554 327 323 581 583 
8 174 156 129 155 157 132 109 131 
8 156 348 342 129 132 343 336 109 
8 129 342 659 619 109 336 658 613 
8 155 129 619 623 131 109 613 621 
8 157 132 109 131 360 356 351 355 
8 132 343 336 109 356 372 367 351 
8 109 336 658 613 351 367 675 664 
8 131 109 613 621 355 351 664 667 
8 712 698 682 699 202 186 180 187 
8 698 713 702 682 186 207 194 180 
8 682 702 714 705 180 194 490 458 
8 699 682 705 715 187 180 458 478 
8 202 186 180 187 216 203 188 204 
8 186 207 194 180 203 217 208 188 
8 180 194 490 458 188 208 493 479 
8 187 180 458 478 204 188 479 485 
8 216 205 189 204 202 190 181 187 
8 205 483 470 189 190 472 449 181 
8 189 470 484 474 181 449 477 455 
8 204 189 474 485 187 181 455 478 
8 202 190 181 187 712 700 683 699 
8 190 472 449 181 700 730 724 683 
8 181 449 477 455 683 724 731 710 
8 187 181 455 478 699 683 710 715 
8 712 698 186 202 701 685 182 192 
8 698 713 207 186 685 704 197 182 
8 186 207 217 203 182 197 210 191 
8 202 186 203 216 192 182 191 206 
8 701 685 182 192 740 736 199 212 
8 685 704 197 182 736 741 214 199 
8 182 197 210 191 199 214 219 211 
8 192 182 191 206 212 199 211 218 
8 216 205 190 202 206 193 183 192 
8 205 483 472 190 193 473 452 183 
8 190 472 730 700 183 452 726 686 
8 202 190 700 712 192 183 686 701 
8 206 193 183 192 218 213 200 212 
8 193 473 452 183 213 523 521 200 
8 183 452 726 686 200 521 745 737 
8 192 183 686 701 212 200 737 740 
8 713 703 687 702 207 195 184 194 
8 703 760 755 687 195 228 223 184 
8 687 755 761 706 184 223 539 487 
8 702 687 706 714 194 184 487 490 
8 207 195 184 194 217 209 196 208 
8 195 228 223 184 209 234 230 196 
8 184 223 539 487 196 230 546 491 
8 194 184 487 490 208 196 491 493 
8 713 703 195 207 704 689 185 197 
8 703 760 228 195 689 756 226 185 
8 195 228 234 209 185 226 231 198 
8 207 195 209 217 197 185 198 210 
8 704 689 185 197 741 739 201 214 
8 689 756 226 185 739 765 233 201 
8 185 226 231 198 201 233 235 215 
8 197 185 198 210 214 201 215 219 
8 760 754 748 755 228 222 220 223 
8 754 780 774 748 222 244 238 220 
8 748 774 781 757 220 238 628 531 
8 755 748 757 761 223 220 531 539 
8 228 222 220 223 234 229 224 230 
8 222 244 238 220 229 250 245 224 
8 220 238 628 531 224 245 631 540 
8 223 220 531 539 230 224 540 546 
8 760 754 222 228 756 750 221 226 
8 754 780 244 222 750 776 241 221 
8 222 244 250 229 221 241 247 225 
8 228 222 229 234 226 221 225 231 
8 756 750 221 226 765 764 227 233 
8 750 776 241 221 764 785 248 227 
8 221 241 247 225 227 248 251 232 
8 226 221 225 231 233 227 232 235 
8 780 775 768 774 244 239 236 238 
8 775 800 794 768 239 274 258 236 
8 768 794 801 777 236 258 643 625 
8 774 768 777 781 238 236 625 628 
8 244 239 236 238 250 246 240 245 
8 239 274 258 236 246 288 275 240 
8 236 258 643 625 240 275 650 629 
8 238 236 625 628 245 240 629 631 
8 780 775 239 244 776 770 237 241 
8 775 800 274 239 770 796 263 237 
8 239 274 288 246 237 263 278 242 
8 244 239 246 250 241 237 242 247 
8 776 770 237 241 785 784 243 248 
8 770 796 263 237 784 805 283 243 
8 237 263 278 242 243 283 290 249 
8 241 237 242 247 248 243 249 251 
8 801 794 788 798 643 258 252 636 
8 794 800 795 788 258 274 260 252 
8 788 795 848 833 252 260 834 814 
8 798 788 833 849 636 252 814 838 
8 643 258 252 636 650 275 261 645 
8 258 274 260 252 275 288 277 261 
8 252 260 834 814 261 277 850 841 
8 636 252 814 838 645 261 841 851 
8 650 275 261 645 646 259 253 639 
8 275 288 277 261 259 276 262 253 
8 261 277 850 841 253 262 843 826 
8 645 261 841 851 639 253 826 847 
8 646 259 253 639 651 279 267 648 
8 259 276 262 253 279 289 281 267 
8 253 262 843 826 267 281 870 863 
8 639 253 826 847 648 267 863 871 
8 800 795 260 274 796 790 254 263 
8 795 848 834 260 790 836 818 254 
8 260 834 850 277 254 818 844 265 
8 274 260 277 288 263 254 265 278 
8 796 790 254 263 805 804 271 283 
8 790 836 818 254 804 880 876 271 
8 254 818 844 265 271 876 881 285 
8 263 254 265 278 283 271 285 290 
8 288 277 262 276 278 265 255 264 
8 277 850 843 262 265 844 829 255 
8 262 843 870 281 255 829 866 270 
8 276 262 281 289 264 255 270 282 
8 278 265 255 264 290 285 272 284 
8 265 844 829 255 285 881 879 272 
8 255 829 866 270 272 879 885 287 
8 264 255 270 282 284 272 287 291 
8 651 279 267 648 649 266 256 642 
8 279 289 281 267 266 280 268 256 
8 267 281 870 863 256 268 865 856 
8 648 267 863 871 642 256 856 868 
8 649 266 256 642 659 342 337 657 
8 266 280 268 256 342 348 344 337 
8 256 268 865 856 337 344 904 897 
8 642 256 856 868 657 337 897 905 
8 289 281 268 280 282 270 257 269 
8 281 870 865 268 270 866 859 257 
8 268 865 904 344 257 859 900 340 
8 280 268 344 348 269 257 340 345 
8 282 270 257 269 291 287 273 286 
8 270 866 859 257 287 885 884 273 
8 257 859 900 340 273 884 909 347 
8 269 257 340 345 286 273 347 349 
8 319 306 295 311 312 297 292 301 
8 306 318 307 295 297 309 298 292 
8 295 307 574 567 292 298 570 561 
8 311 295 567 575 301 292 561 573 
8 312 297 292 301 321 313 303 316 
8 297 309 298 292 313 320 314 303 
8 292 298 570 561 303 314 918 913 
8 301 292 561 573 316 303 913 919 
8 318 308 296 307 309 299 293 298 
8 308 332 327 296 299 329 324 293 
8 296 327 583 568 293 324 582 562 
8 307 296 568 574 298 293 562 570 
8 309 299 293 298 320 315 304 314 
8 299 329 324 293 315 333 330 304 
8 293 324 582 562 304 330 923 914 
8 298 293 562 570 314 304 914 918 
8 319 311 300 310 312 301 294 302 
8 311 575 571 300 301 573 565 294 
8 300 571 599 592 294 565 597 587 
8 310 300 592 598 302 294 587 594 
8 312 301 294 302 321 316 305 317 
8 301 573 565 294 316 919 916 305 
8 294 565 597 587 305 916 927 601 
8 302 294 587 594 317 305 601 603 
8 332 328 323 327 329 325 322 324 
8 328 360 355 323 325 357 352 322 
8 323 355 667 581 322 352 666 579 
8 327 323 581 583 324 322 579 582 
8 329 325 322 324 333 331 326 330 
8 325 357 352 322 331 361 358 326 
8 322 352 666 579 326 358 931 922 
8 324 322 579 582 330 326 922 923 
8 659 342 337 657 658 336 334 655 
8 342 348 344 337 336 343 338 334 
8 337 344 904 897 334 338 899 890 
8 657 337 897 905 655 334 890 903 
8 658 336 334 655 675 367 363 673 
8 336 343 338 334 367 372 368 363 
8 334 338 899 890 363 368 946 940 
8 655 334 890 903 673 363 940 947 
8 348 344 338 343 345 340 335 339 
8 344 904 899 338 340 900 893 335 
8 338 899 946 368 335 893 942 365 
8 343 338 368 372 339 335 365 369 
8 345 340 335 339 349 347 341 346 
8 340 900 893 335 347 909 908 341 
8 335 893 942 365 341 908 951 371 
8 339 335 365 369 346 341 371 373 
8 360 356 351 355 357 353 350 352 
8 356 372 367 351 353 369 364 350 
8 351 367 675 664 350 364 674 662 
8 355 351 664 667 352 350 662 666 
8 357 353 350 352 361 359 354 358 
8 353 369 364 350 359 373 370 354 
8 350 364 674 662 354 370 955 929 
8 352 350 662 666 358 354 929 931 
8 675 367 363 673 674 364 362 671 
8 367 372 368 363 364 369 365 362 
8 363 368 946 940 362 365 942 935 
8 673 363 940 947 671 362 935 945 
8 674 364 362 671 955 370 366 954 
8 364 369 365 362 370 373 371 366 
8 362 365 942 935 366 371 951 949 
8 671 362 935 945 954 366 949 959 

CELL_TYPES 432
12
12
12
12
12
12
12
12
12
12
12
12
12
12
12
12
12
12
12
12
12
12
12
12
12
12
12
12
12
12
12
12
12
12
12
12
12
12
12
12
12
12
12
12
12
12
12
12
12
12
12
12
12
12
12
12
12
12
12
12
12
12
12
12
12
12
12
12
12
12
12
12
12
12
12
12
12
12
12
12
12
12
12
12
12
12
12
12
12
12
12
12
12
12
12
12
12
12
12
12
12
12
12
12
12
12
12
12
12
12
12
12
12
12
12
12
12
12
12
12
12
12
12
12
12
12
12
12
12
12
12
12
12
12
12
12
12
12
12
12
12
12
12
12
12
12
12
12
12
12
12
12
12
12
12
12
12
12
12
12
12
12
12
12
12
12
12
12
12
12
12
12
12
12
12
12
12
12
12
12
12
12
12
12
12
12
12
12
12
12
12
12
12
12
12
12
12
12
12
12
12
12
12
12
12
12
12
12
12
12
12
12
12
12
12
12
12
12
12
12
12
12
12
12
12
12
12
12
12
12
12
12
12
12
12
12
12
12
12
12
12
12
12
12
12
12
12
12
12
12
12
12
12
12
12
12
12
12
12
12
12
12
12
12
12
12
12
12
12
12
12
12
12
12
12
12
12
12
12
12
12
12
12
12
12
12
12
12
12
12
12
12
12
12
12
12
12
