# vtk DataFile Version 2.0
Square plate test
ASCII
DATASET UNSTRUCTURED_GRID
POINTS 726 float
1.37031 3.35421 3.34238
1.38076 3.26196 3.34171
1.17773 3.26141 2.91263
1.16348 3.3554 2.90958
1.16103 3.26149 3.36142
1.14647 3.35546 3.36242
1.39669 3.26206 2.93942
1.3865 3.35431 2.93696
1.41508 3.26162 3.75319
1.40324 3.35413 3.75792
1.20566 3.25981 3.81542
1.18988 3.35324 3.82121
1.61623 3.26151 3.68498
1.5881 3.26168 3.32086
1.60921 3.35186 3.68814
1.58234 3.35117 3.32112
1.60308 3.26205 2.96795
1.59752 3.3515 2.96626
1.27218 3.26188 3.35171
1.38208 3.26217 3.14026
1.3733 3.31824 3.34215
1.25984 3.35503 3.35253
1.37187 3.35426 3.13936
1.16157 3.26154 3.13673
1.28852 3.26188 2.9257
1.16858 3.31868 2.91066
1.14726 3.35546 3.13571
1.27646 3.35504 2.92296
1.15167 3.31875 3.36202
1.38943 3.31834 2.93772
1.39199 3.26169 3.54547
1.31113 3.2611 3.785
1.40668 3.31802 3.75643
1.38103 3.35416 3.54793
1.29744 3.35413 3.79025
1.17582 3.26099 3.58741
1.19545 3.31682 3.81913
1.16079 3.35489 3.59061
1.48623 3.26185 3.33143
1.51696 3.26165 3.71988
1.59727 3.26144 3.50049
1.61061 3.31681 3.68732
1.58334 3.3166 3.32105
1.47782 3.35294 3.33192
1.5072 3.35335 3.72397
1.59105 3.35136 3.50197
1.58971 3.26198 3.14403
1.58414 3.35124 3.14331
1.50172 3.26208 2.95358
1.59848 3.31696 2.96669
1.49355 3.35315 2.95144
1.36953 3.38002 3.34251
1.1604 3.38183 2.90895
1.14336 3.38188 3.36271
1.38574 3.38012 2.93667
1.40227 3.3801 3.75854
1.18664 3.37937 3.82248
1.60993 3.3768 3.68822
1.58323 3.37557 3.32114
1.59839 3.37586 2.96624
1.27319 3.26202 3.13841
1.26379 3.31866 3.35223
1.3748 3.31838 3.13962
1.26108 3.35506 3.13746
1.15239 3.31878 3.13605
1.28033 3.31866 2.92386
1.285 3.26155 3.56682
1.38419 3.31807 3.54714
1.30181 3.31782 3.7885
1.27215 3.35477 3.56964
1.16613 3.31822 3.58943
1.49626 3.26159 3.52335
1.47992 3.31754 3.33176
1.50973 3.31761 3.72276
1.59219 3.31654 3.50158
1.48736 3.35303 3.5254
1.48776 3.26211 3.14216
1.58509 3.3168 3.14349
1.47957 3.35301 3.14134
1.49558 3.31776 2.95206
1.25811 3.3812 3.35272
1.37111 3.37998 3.13929
1.14416 3.38185 3.13555
1.27475 3.38121 2.92253
1.38019 3.38011 3.54828
1.29553 3.38022 3.79114
1.15763 3.38127 3.59138
1.47784 3.3782 3.33201
1.50701 3.37898 3.72434
1.59188 3.37604 3.50201
1.58504 3.37549 3.14332
1.49356 3.37839 2.95128
1.26496 3.31875 3.13775
1.27625 3.31836 3.56868
1.48961 3.31743 3.52478
1.4816 3.31772 3.14156
1.25938 3.38116 3.13735
1.27036 3.38099 3.57016
1.4873 3.37851 3.52561
1.4796 3.37814 3.1413
1.77889 3.26173 3.29881
1.80477 3.26192 3.61001
1.78214 3.34589 3.29829
1.80706 3.34715 3.6099
1.79273 3.26237 2.99647
1.79603 3.3465 2.99633
1.71235 3.2615 3.64839
1.68582 3.2616 3.30998
1.7092 3.34977 3.6502
1.6838 3.34884 3.30992
1.7873 3.26165 3.45257
1.77936 3.31419 3.29854
1.80457 3.31485 3.61043
1.79022 3.3463 3.45207
1.70026 3.26211 2.98232
1.69837 3.3493 2.98127
1.78042 3.26202 3.14726
1.79327 3.31483 2.99609
1.78376 3.34595 3.14693
1.78608 3.36722 3.29805
1.81089 3.36914 3.60888
1.7999 3.36777 2.99689
1.69446 3.26139 3.47689
1.709 3.31582 3.64993
1.68325 3.31547 3.30998
1.69203 3.34912 3.47755
1.78753 3.31432 3.45251
1.68743 3.2619 3.14576
1.68556 3.3489 3.1452
1.69781 3.31597 2.98142
1.78097 3.31438 3.14693
1.71117 3.37354 3.64984
1.68591 3.37197 3.30984
1.79414 3.36794 3.45143
1.70044 3.37237 2.98148
1.78768 3.36712 3.14709
1.69161 3.31547 3.4775
1.68497 3.31567 3.14531
1.6941 3.37256 3.47732
1.68766 3.37187 3.14527
1.25544 3.25926 2.46147
1.24059 3.35265 2.45347
1.46261 3.26182 2.5304
1.4516 3.35429 2.5237
1.66088 3.26247 2.60661
1.6545 3.35268 2.60189
1.20914 3.26076 2.68793
1.35987 3.26092 2.49493
1.24587 3.31625 2.4563
1.19473 3.35466 2.68263
1.34706 3.35393 2.48758
1.42379 3.26187 2.73691
1.45482 3.31821 2.52579
1.41337 3.35433 2.7326
1.56312 3.26224 2.56769
1.62715 3.26214 2.78976
1.65575 3.31772 2.60314
1.55411 3.35384 2.5618
1.62135 3.35197 2.78683
1.23745 3.37876 2.4518
1.45066 3.38022 2.52285
1.65517 3.37749 2.60177
1.31761 3.2615 2.7118
1.19987 3.31799 2.68452
1.35118 3.31763 2.49002
1.30533 3.35474 2.70701
1.41638 3.31824 2.73395
1.52716 3.26203 2.76299
1.55646 3.31817 2.56353
1.6224 3.31722 2.78759
1.51874 3.35341 2.75926
1.19164 3.38106 2.68151
1.34522 3.38001 2.48639
1.41255 3.38026 2.73207
1.55393 3.37938 2.56128
1.62215 3.37657 2.78677
1.30927 3.31831 2.7086
1.52087 3.31786 2.76035
1.30359 3.38096 2.70623
1.51868 3.37884 2.75894
1.84597 3.26351 2.68864
1.84848 3.34861 2.68803
1.75534 3.2628 2.64699
1.75265 3.3509 2.64397
1.81489 3.26285 2.84431
1.84602 3.31642 2.68754
1.81793 3.34742 2.84415
1.85214 3.37045 2.68932
1.72325 3.26236 2.81696
1.75239 3.31707 2.64451
1.72111 3.34998 2.81517
1.81528 3.31551 2.84372
1.75453 3.37451 2.64441
1.82173 3.36895 2.84508
1.72065 3.31642 2.81545
1.72311 3.37331 2.81551
1.21626 3.04407 2.92103
1.43286 3.0479 2.94755
1.41793 3.04783 3.33984
1.20056 3.04414 3.35917
1.45661 3.0474 3.73794
1.24931 3.04281 3.7999
1.61645 3.05014 3.31991
1.6486 3.04973 3.67275
1.63053 3.05043 2.97463
1.39489 3.17521 3.34098
1.19295 3.1733 2.91594
1.17664 3.17338 3.3605
1.41044 3.1753 2.94254
1.20026 3.04423 3.13982
1.32651 3.04626 2.9341
1.41844 3.04805 3.1434
1.31119 3.04628 3.34958
1.4309 3.17479 3.74731
1.22284 3.1719 3.80928
1.43083 3.04752 3.53773
1.35446 3.04558 3.76933
1.21698 3.0437 3.57917
1.62819 3.17586 3.68037
1.59851 3.17625 3.3205
1.51996 3.04903 3.32995
1.55494 3.04866 3.70574
1.62711 3.04981 3.49477
1.61315 3.17661 2.97046
1.53447 3.04921 2.96114
1.61734 3.05044 3.14693
1.28724 3.17449 3.35086
1.3959 3.17544 3.14145
1.17686 3.17345 3.13793
1.3032 3.17448 2.92896
1.31135 3.04644 3.14156
1.40677 3.17489 3.54248
1.32785 3.17376 3.7789
1.19205 3.17291 3.58412
1.32568 3.04594 3.55867
1.49888 3.17573 3.33086
1.53125 3.17537 3.71448
1.60825 3.17591 3.49834
1.53159 3.04871 3.51641
1.59985 3.17659 3.14512
1.51399 3.17594 2.95645
1.5207 3.0493 3.14523
1.28793 3.17465 3.13962
1.3007 3.17414 3.56363
1.50952 3.17539 3.5207
1.50011 3.17602 3.14332
1.04812 3.23641 2.40113
0.955767 3.24093 2.88885
1.08386 3.02015 2.42
0.990016 3.02354 2.89631
1.29598 3.04237 2.48344
0.938494 3.24109 3.37959
0.97366 3.02367 3.37758
1.50101 3.04754 2.55218
1.02891 3.32839 2.39198
0.936568 3.33434 2.88521
0.918959 3.33451 3.38096
1.06324 3.14899 2.40894
0.992584 3.23979 2.64457
1.15097 3.25253 2.43015
0.970383 3.1529 2.89195
1.06619 3.25598 2.90031
1.27143 3.1714 2.47013
1.0273 3.02265 2.65724
1.19015 3.03506 2.45102
1.10359 3.0377 2.90841
1.24826 3.0435 2.70238
0.937719 3.24098 3.13389
0.953471 3.15305 3.37869
1.04918 3.25611 3.37075
0.972107 3.02362 3.13662
1.08755 3.03781 3.36852
1.47724 3.17498 2.53878
1.40004 3.04541 2.51719
1.46058 3.04764 2.75092
1.03714 3.29276 2.39575
0.944913 3.29797 2.88671
0.97342 3.3328 2.63829
1.13396 3.34572 2.42154
1.04952 3.35022 2.89695
0.9184 3.33444 3.13276
0.927424 3.29813 3.38033
1.03219 3.35034 3.37193
1.00735 3.15191 2.64984
1.16687 3.16451 2.43854
1.1002 3.25506 2.66546
1.08144 3.16752 2.90357
1.22459 3.17269 2.69363
1.13814 3.03694 2.67933
0.952402 3.15295 3.13499
1.04913 3.25608 3.13522
1.0648 3.16764 3.36981
1.08667 3.03782 3.13817
1.37539 3.17359 2.50358
1.43779 3.17505 2.7423
1.35623 3.04588 2.72628
0.981706 3.29664 2.6409
1.14062 3.30948 2.42482
1.05613 3.31344 2.89824
1.08345 3.34904 2.65966
0.926804 3.29804 3.13319
1.03237 3.3503 3.13414
1.0389 3.31356 3.37143
1.11564 3.16669 2.67105
1.06443 3.16762 3.13638
1.33253 3.17408 2.71742
1.09006 3.31239 2.66189
1.03902 3.31353 3.13453
1.02206 3.35367 2.38903
0.929478 3.36039 2.88402
0.911798 3.36055 3.38154
0.966429 3.35862 2.63621
1.12915 3.37161 2.41928
1.04465 3.37666 2.89607
0.911252 3.36052 3.13245
1.02726 3.37677 3.37235
1.07861 3.37535 2.65809
1.02746 3.37674 3.13391
0.996766 3.23748 3.87126
1.03531 3.02096 3.85804
0.976535 3.32963 3.87805
0.958155 3.24025 3.62552
1.01298 3.14995 3.86573
1.10032 3.25338 3.84424
0.994714 3.02301 3.61834
1.14249 3.03572 3.82951
0.985125 3.29392 3.87519
0.938315 3.33331 3.6295
1.08233 3.34668 3.85056
0.973648 3.15233 3.62247
1.06627 3.25543 3.60703
1.11738 3.16528 3.83828
1.10617 3.03725 3.5991
0.946842 3.29713 3.62778
1.08931 3.31039 3.8481
1.04888 3.34943 3.61063
1.08247 3.16703 3.60379
1.0557 3.31278 3.6092
0.969472 3.35498 3.88036
0.931182 3.35915 3.63095
1.07736 3.3726 3.85231
1.04393 3.37574 3.61171
1.69046 3.05049 2.62472
1.6718 3.17678 2.61343
1.59808 3.04912 2.58811
1.65518 3.05037 2.80117
1.57628 3.17593 2.57548
1.63746 3.17658 2.79405
1.56051 3.04906 2.77599
1.53968 3.17581 2.76794
1.30933 3.25434 4.28044
1.49392 3.26308 4.18721
1.36095 3.03923 4.24389
1.54478 3.04887 4.14877
1.67964 3.26368 4.07673
1.72118 3.05144 4.04289
1.29104 3.34468 4.29331
1.47895 3.35418 4.19886
1.66965 3.35404 4.08559
1.44929 3.262 3.96654
1.25026 3.25767 4.04619
1.32959 3.16758 4.26611
1.40129 3.26023 4.23553
1.51337 3.1765 4.17245
1.49477 3.04776 3.94133
1.29737 3.04135 4.02144
1.45346 3.0454 4.1974
1.64402 3.26217 3.87637
1.58683 3.2639 4.13458
1.69515 3.17787 4.06398
1.6802 3.05018 3.85505
1.63425 3.05057 4.09745
1.43615 3.35413 3.97426
1.23341 3.35001 4.05514
1.29741 3.30991 4.28885
1.38466 3.351 4.24786
1.48344 3.31889 4.19527
1.63577 3.35274 3.88192
1.67201 3.31902 4.08324
1.57394 3.35495 4.14516
1.46664 3.17523 3.95685
1.35006 3.26064 4.00749
1.26877 3.17018 4.03645
1.42145 3.17349 4.22076
1.39717 3.04535 3.98207
1.54744 3.26232 3.92297
1.65745 3.17641 3.86834
1.60478 3.17762 4.12044
1.58937 3.04917 3.89905
1.44002 3.31824 3.97186
1.33513 3.35292 4.01584
1.23931 3.31417 4.05198
1.39001 3.31595 4.24384
1.63756 3.31757 3.88046
1.53638 3.35396 3.92982
1.57751 3.31962 4.14208
1.36825 3.17349 3.99762
1.56326 3.176 3.91385
1.33992 3.31703 4.01309
1.53934 3.31827 3.92782
1.28744 3.36904 4.2958
1.47745 3.37921 4.20022
1.66991 3.37891 4.08586
1.43496 3.37985 3.97521
1.23002 3.37551 4.05698
1.38226 3.37571 4.24973
1.63629 3.37778 3.88207
1.57326 3.38009 4.14602
1.33303 3.37857 4.01717
1.53599 3.37953 3.9304
1.1311 3.22218 4.36047
1.17527 3.00992 4.33089
1.10984 3.30989 4.37391
1.05439 3.23179 4.11639
1.14936 3.13681 4.34837
1.21896 3.2426 4.32205
1.09548 3.01682 4.09584
1.26798 3.02813 4.28835
1.03369 3.32223 4.12629
1.11856 3.27642 4.36853
1.1991 3.33203 4.3353
1.07154 3.14506 4.10789
1.15125 3.24932 4.08253
1.23861 3.15621 4.30861
1.19644 3.03282 4.05939
1.04234 3.28739 4.12223
1.13244 3.34118 4.09201
1.2066 3.29774 4.33038
1.16945 3.16185 4.07324
1.13964 3.30564 4.08841
1.10303 3.33298 4.37794
1.02673 3.3467 4.12947
1.19403 3.3559 4.33851
1.12743 3.36633 4.09447
1.86345 3.26409 3.94178
1.8186 3.05289 3.6044
1.88474 3.05443 3.92185
1.78951 3.05303 3.29942
1.86325 3.35011 3.94427
1.77197 3.26341 4.01277
1.809 3.17803 3.60816
1.83044 3.26268 3.7726
1.87058 3.17987 3.93472
1.73677 3.05102 3.63896
1.8049 3.05241 3.98454
1.84736 3.05337 3.76116
1.78189 3.17813 3.2991
1.70657 3.05139 3.30973
1.79909 3.05283 3.45076
1.76607 3.35218 4.01902
1.83171 3.34843 3.77342
1.86159 3.3174 3.94448
1.72101 3.17663 3.64495
1.73852 3.2621 3.82638
1.78393 3.17828 4.00232
1.83587 3.17862 3.76865
1.76646 3.05139 3.80914
1.69308 3.17699 3.30991
1.79074 3.17793 3.45205
1.71656 3.05109 3.47287
1.73423 3.35078 3.82999
1.76677 3.31798 4.01772
1.82956 3.31585 3.77389
1.74854 3.17708 3.82003
1.70223 3.17667 3.47544
1.7344 3.31661 3.82932
1.80274 3.05351 3.00038
1.79551 3.17873 2.9978
1.72023 3.05179 2.98779
1.79051 3.05331 3.14956
1.70723 3.17747 2.98432
1.78322 3.17846 3.14808
1.70755 3.05169 3.14841
1.69445 3.17733 3.14674
1.86666 3.37251 3.94261
1.76763 3.3762 4.01848
1.83539 3.37071 3.77206
1.73604 3.37478 3.82952
1.85791 3.05409 2.69878
1.84953 3.17951 2.69212
1.77734 3.05203 2.6617
1.82546 3.05374 2.85056
1.76312 3.17786 2.6524
1.81791 3.17905 2.84642
1.74377 3.05185 2.82613
1.73044 3.17759 2.82031
1.95371 3.22634 3.54277
1.92726 3.22536 3.28034
1.91962 3.04502 3.28227
1.94814 3.04564 3.5443
1.93998 3.22613 3.01992
1.93212 3.04558 3.02077
1.98571 3.3163 3.5305
1.95975 3.3143 3.276
1.97219 3.31515 3.02482
1.86136 3.25276 3.28853
1.88729 3.25334 3.57357
1.94713 3.15709 3.54494
1.9345 3.22291 3.41139
1.91994 3.15637 3.28173
1.86171 3.05194 3.28994
1.89031 3.05216 3.5719
1.92761 3.04245 3.41346
1.8746 3.25349 3.00936
1.93264 3.15707 3.0193
1.92982 3.22824 3.1498
1.87455 3.05249 3.01164
1.92188 3.04788 3.15121
1.9669 3.27291 3.53792
1.94079 3.27149 3.27835
1.87494 3.33637 3.28679
1.90012 3.338 3.5693
1.96818 3.31498 3.40274
1.95342 3.27231 3.02198
1.8881 3.33711 3.011
1.96092 3.31434 3.15009
1.85937 3.17337 3.28929
1.86943 3.25216 3.42993
1.88631 3.17366 3.57363
1.92677 3.15248 3.41347
1.87076 3.05122 3.43033
1.87249 3.17405 3.00982
1.86308 3.25368 3.14859
1.92309 3.16062 3.15018
1.86302 3.05285 3.15047
1.86683 3.30284 3.28768
1.89223 3.30389 3.57203
1.94892 3.27125 3.40766
1.88311 3.33691 3.42672
1.88007 3.30359 3.00987
1.94235 3.2723 3.14984
1.87636 3.33642 3.14854
1.86764 3.17232 3.43059
1.86112 3.17466 3.14921
1.87497 3.30295 3.42858
1.86834 3.30318 3.14842
2.01546 3.22952 3.81288
2.01449 3.04802 3.81003
2.04603 3.32068 3.78993
1.98176 3.23032 3.67607
1.94697 3.25602 3.8723
2.01058 3.15982 3.81563
1.97812 3.04926 3.67607
1.95612 3.0541 3.86146
2.01182 3.31822 3.6595
2.02773 3.27663 3.80367
1.95771 3.34166 3.86627
1.91358 3.25504 3.72063
1.97656 3.1622 3.67828
1.94837 3.17594 3.86967
1.91916 3.05353 3.71538
1.99356 3.27515 3.66973
1.92524 3.3396 3.71549
1.95055 3.30703 3.87072
1.91376 3.1755 3.71959
1.91772 3.30535 3.71907
2.00732 3.3581 3.5218
1.98141 3.35545 3.27347
1.99363 3.35633 3.02804
1.88437 3.36162 3.28588
1.90948 3.3639 3.56599
1.98985 3.35641 3.39722
1.89741 3.36233 3.01242
1.9825 3.35538 3.15045
1.89254 3.36246 3.42463
1.88574 3.36153 3.1488
2.06733 3.36319 3.7739
2.03331 3.36041 3.64732
1.96667 3.36809 3.86038
1.93445 3.36583 3.71092
1.9916 3.22819 2.76135
1.98529 3.04696 2.76255
2.02289 3.31829 2.77422
1.92673 3.25512 2.72796
1.95987 3.22434 2.8905
1.98487 3.15876 2.75994
1.92847 3.05346 2.73329
1.95252 3.04349 2.89115
2.00457 3.27483 2.76628
1.93941 3.33976 2.7321
1.99303 3.31653 2.89968
1.92535 3.1753 2.72912
1.89584 3.25353 2.86957
1.95207 3.15377 2.88918
1.89634 3.05223 2.87279
1.93172 3.30569 2.72916
1.97412 3.27274 2.89428
1.90938 3.33827 2.87268
1.8938 3.17358 2.87012
1.9014 3.30435 2.8706
2.04389 3.36015 2.78365
1.94845 3.36557 2.73592
2.01427 3.35801 2.9059
1.91858 3.36376 2.87528
1.21514 3.21838 1.91716
1.39123 3.25242 1.99856
1.2545 3.00715 1.95342
1.43736 3.03779 2.04303
1.57226 3.26308 2.09618
1.61753 3.04888 2.14293
1.19563 3.30532 1.90114
1.37455 3.34235 1.98296
1.55877 3.35396 2.0819
1.23151 3.13348 1.93192
1.12232 3.22966 2.15863
1.30207 3.23961 1.95594
1.40938 3.16589 2.01598
1.31625 3.25659 2.23207
1.15963 3.01524 2.1852
1.34589 3.02593 1.99703
1.35911 3.04052 2.2638
1.5896 3.17654 2.11414
1.48162 3.25939 2.04523
1.51236 3.26215 2.3176
1.52816 3.04477 2.09159
1.55352 3.04787 2.34997
1.20373 3.27221 1.90746
1.38043 3.30778 1.98835
1.10299 3.31971 2.14627
1.2839 3.32845 1.94001
1.30067 3.34875 2.22071
1.56287 3.3188 2.08633
1.46653 3.3499 2.03018
1.50035 3.35417 2.30766
1.13798 3.14318 2.16954
1.31971 3.15358 1.97229
1.21832 3.24764 2.19382
1.33314 3.16921 2.24454
1.25946 3.03155 2.22356
1.49965 3.17276 2.06319
1.52808 3.17539 2.33004
1.41473 3.26021 2.27333
1.4575 3.045 2.30594
1.11116 3.28504 2.15127
1.29085 3.29444 1.94588
1.30619 3.313 2.22469
1.20084 3.33921 2.1819
1.47145 3.31498 2.0351
1.50393 3.31835 2.31076
1.40101 3.35239 2.26265
1.23495 3.16035 2.20572
1.43128 3.17311 2.28598
1.20761 3.3038 2.18637
1.40545 3.31655 2.26617
1.18918 3.32808 1.8965
1.37113 3.36653 1.97997
1.55732 3.37884 2.08017
1.09632 3.34401 2.14247
1.27909 3.35206 1.93624
1.29743 3.37418 2.21843
1.46423 3.37447 2.02788
1.49921 3.37981 2.30643
1.19604 3.36424 2.1789
1.39898 3.37797 2.26096
1.75305 3.26475 2.21401
1.78963 3.05228 2.25554
1.74425 3.35483 2.20299
1.66284 3.26453 2.15218
1.76671 3.17892 2.22969
1.7032 3.26327 2.41565
1.70487 3.05107 2.19745
1.73555 3.05105 2.44345
1.74634 3.31999 2.20595
1.65132 3.35534 2.13915
1.69584 3.35363 2.40832
1.67877 3.17824 2.16944
1.60867 3.26298 2.36499
1.71521 3.17747 2.42614
1.64645 3.04969 2.39583
1.65454 3.32016 2.14298
1.69743 3.3186 2.41028
1.59865 3.35447 2.35609
1.62293 3.17664 2.37675
1.60135 3.31888 2.35871
1.74448 3.37947 2.20256
1.65065 3.3803 2.13801
1.69633 3.3785 2.40808
1.59827 3.37991 2.3553
1.93112 3.26559 2.35822
1.94903 3.0555 2.38406
1.93147 3.35137 2.35457
1.84258 3.26476 2.28243
1.93703 3.18126 2.36744
1.88502 3.2644 2.52732
1.8712 3.05344 2.31762
1.89935 3.05464 2.54372
1.83762 3.35325 2.27444
1.92977 3.31884 2.35455
1.88666 3.34997 2.52562
1.85295 3.17958 2.29549
1.79547 3.26355 2.46971
1.88953 3.18022 2.53307
1.8201 3.05251 2.49277
1.83813 3.31924 2.27617
1.79186 3.35201 2.46471
1.88451 3.31753 2.52525
1.80428 3.17846 2.47823
1.79191 3.318 2.46571
1.93469 3.37355 2.35645
1.83908 3.37701 2.27499
1.89014 3.37206 2.52723
1.79356 3.3758 2.46522
2.07785 3.23092 2.49639
2.0755 3.0489 2.50259
2.10751 3.32212 2.52036
2.01183 3.25753 2.43251
2.07266 3.16107 2.4945
2.03199 3.2322 2.6306
2.01862 3.05511 2.44801
2.02732 3.05057 2.63352
2.08987 3.27806 2.50582
2.02254 3.34306 2.43825
2.06123 3.32022 2.64793
2.01244 3.17731 2.43673
1.96586 3.25691 2.58283
2.02656 3.1639 2.62918
1.96965 3.05486 2.59205
2.01559 3.30853 2.4336
2.04355 3.2771 2.63709
1.97739 3.34141 2.58779
1.96545 3.17721 2.5852
1.9701 3.30723 2.58401
2.12797 3.36464 2.53744
2.03108 3.36934 2.44468
2.08196 3.36245 2.66095
1.98622 3.36752 2.59288

CELLS 256 2304
8 92 61 20 62 63 21 0 22 
8 61 93 67 20 21 69 33 0 
8 20 67 94 72 0 33 75 43 
8 62 20 72 95 22 0 43 78 
8 63 21 0 22 96 80 51 81 
8 21 69 33 0 80 97 84 51 
8 0 33 75 43 51 84 98 87 
8 22 0 43 78 81 51 87 99 
8 95 72 42 77 78 43 15 47 
8 72 94 74 42 43 75 45 15 
8 42 74 136 124 15 45 125 109 
8 77 42 124 137 47 15 109 128 
8 78 43 15 47 99 87 58 90 
8 43 75 45 15 87 98 89 58 
8 15 45 125 109 58 89 138 132 
8 47 15 109 128 90 58 132 139 
8 176 65 29 166 165 27 7 153 
8 65 92 62 29 27 63 22 7 
8 29 62 95 79 7 22 78 50 
8 166 29 79 177 153 7 50 170 
8 165 27 7 153 178 83 54 173 
8 27 63 22 7 83 96 81 54 
8 7 22 78 50 54 81 99 91 
8 153 7 50 170 173 54 91 179 
8 177 79 49 169 170 50 17 158 
8 79 95 77 49 50 78 47 17 
8 49 77 137 129 17 47 128 115 
8 169 49 129 194 158 17 115 190 
8 170 50 17 158 179 91 59 175 
8 50 78 47 17 91 99 90 59 
8 17 47 128 115 59 90 139 134 
8 158 17 115 190 175 59 134 195 
8 242 226 205 227 60 18 1 19 
8 226 243 231 205 18 66 30 1 
8 205 231 244 235 1 30 71 38 
8 227 205 235 245 19 1 38 76 
8 60 18 1 19 92 61 20 62 
8 18 66 30 1 61 93 67 20 
8 1 30 71 38 20 67 94 72 
8 19 1 38 76 62 20 72 95 
8 303 286 206 287 285 261 2 146 
8 286 304 228 206 261 290 23 2 
8 206 228 242 229 2 23 60 24 
8 287 206 229 305 146 2 24 162 
8 285 261 2 146 306 298 25 163 
8 261 290 23 2 298 307 64 25 
8 2 23 60 24 25 64 92 65 
8 146 2 24 162 163 25 65 176 
8 306 298 25 163 299 279 3 149 
8 298 307 64 25 279 301 26 3 
8 25 64 92 65 3 26 63 27 
8 163 25 65 176 149 3 27 165 
8 299 279 3 149 316 313 52 171 
8 279 301 26 3 313 317 82 52 
8 3 26 63 27 52 82 96 83 
8 149 3 27 165 171 52 83 178 
8 304 291 207 228 290 269 4 23 
8 291 336 233 207 269 330 35 4 
8 207 233 243 226 4 35 66 18 
8 228 207 226 242 23 4 18 60 
8 290 269 4 23 307 302 28 64 
8 269 330 35 4 302 337 70 28 
8 4 35 66 18 28 70 93 61 
8 23 4 18 60 64 28 61 92 
8 307 302 28 64 301 282 5 26 
8 302 337 70 28 282 335 37 5 
8 28 70 93 61 5 37 69 21 
8 64 28 61 92 26 5 21 63 
8 301 282 5 26 317 315 53 82 
8 282 335 37 5 315 341 86 53 
8 5 37 69 21 53 86 97 80 
8 26 5 21 63 82 53 80 96 
8 305 229 208 294 162 24 6 151 
8 229 242 227 208 24 60 19 6 
8 208 227 245 240 6 19 76 48 
8 294 208 240 349 151 6 48 167 
8 162 24 6 151 176 65 29 166 
8 24 60 19 6 65 92 62 29 
8 6 19 76 48 29 62 95 79 
8 151 6 48 167 166 29 79 177 
8 243 232 213 231 66 31 8 30 
8 232 396 380 213 31 381 359 8 
8 213 380 397 236 8 359 385 39 
8 231 213 236 244 30 8 39 71 
8 66 31 8 30 93 68 32 67 
8 31 381 359 8 68 398 389 32 
8 8 359 385 39 32 389 399 73 
8 30 8 39 71 67 32 73 94 
8 93 68 32 67 69 34 9 33 
8 68 398 389 32 34 390 372 9 
8 32 389 399 73 9 372 394 44 
8 67 32 73 94 33 9 44 75 
8 69 34 9 33 97 85 55 84 
8 34 390 372 9 85 408 403 55 
8 9 372 394 44 55 403 409 88 
8 33 9 44 75 84 55 88 98 
8 336 331 214 233 330 323 10 35 
8 331 428 382 214 323 422 360 10 
8 214 382 396 232 10 360 381 31 
8 233 214 232 243 35 10 31 66 
8 330 323 10 35 337 334 36 70 
8 323 422 360 10 334 429 391 36 
8 10 360 381 31 36 391 398 68 
8 35 10 31 66 70 36 68 93 
8 337 334 36 70 335 328 11 37 
8 334 429 391 36 328 426 373 11 
8 36 391 398 68 11 373 390 34 
8 70 36 68 93 37 11 34 69 
8 335 328 11 37 341 340 56 86 
8 328 426 373 11 340 433 404 56 
8 11 373 390 34 56 404 408 85 
8 37 11 34 69 86 56 85 97 
8 244 236 218 237 71 39 12 40 
8 236 397 386 218 39 385 367 12 
8 218 386 463 452 12 367 453 106 
8 237 218 452 464 40 12 106 122 
8 71 39 12 40 94 73 41 74 
8 39 385 367 12 73 399 393 41 
8 12 367 453 106 41 393 465 123 
8 40 12 106 122 74 41 123 136 
8 245 235 219 239 76 38 13 46 
8 235 244 237 219 38 71 40 13 
8 219 237 464 457 13 40 122 107 
8 239 219 457 473 46 13 107 127 
8 76 38 13 46 95 72 42 77 
8 38 71 40 13 72 94 74 42 
8 13 40 122 107 42 74 136 124 
8 46 13 107 127 77 42 124 137 
8 94 73 41 74 75 44 14 45 
8 73 399 393 41 44 394 377 14 
8 41 393 465 123 14 377 460 108 
8 74 41 123 136 45 14 108 125 
8 75 44 14 45 98 88 57 89 
8 44 394 377 14 88 409 406 57 
8 14 377 460 108 57 406 477 131 
8 45 14 108 125 89 57 131 138 
8 349 240 223 347 167 48 16 155 
8 240 245 239 223 48 76 46 16 
8 223 239 473 470 16 46 127 114 
8 347 223 470 485 155 16 114 188 
8 167 48 16 155 177 79 49 169 
8 48 76 46 16 79 95 77 49 
8 16 46 127 114 49 77 137 129 
8 155 16 114 188 169 49 129 194 
8 473 457 446 471 127 107 100 116 
8 457 464 458 446 107 122 110 100 
8 446 458 532 516 100 110 517 495 
8 471 446 516 533 116 100 495 522 
8 127 107 100 116 137 124 111 130 
8 107 122 110 100 124 136 126 111 
8 100 110 517 495 111 126 534 525 
8 116 100 495 522 130 111 525 535 
8 464 452 440 458 122 106 101 110 
8 452 463 455 440 106 453 441 101 
8 440 455 554 518 101 441 547 496 
8 458 440 518 532 110 101 496 517 
8 122 106 101 110 136 123 112 126 
8 106 453 441 101 123 465 462 112 
8 101 441 547 496 112 462 555 526 
8 110 101 496 517 126 112 526 534 
8 137 124 111 130 128 109 102 118 
8 124 136 126 111 109 125 113 102 
8 111 126 534 525 102 113 528 510 
8 130 111 525 535 118 102 510 531 
8 128 109 102 118 139 132 119 135 
8 109 125 113 102 132 138 133 119 
8 102 113 528 510 119 133 564 559 
8 118 102 510 531 135 119 559 565 
8 136 123 112 126 125 108 103 113 
8 123 465 462 112 108 460 450 103 
8 112 462 555 526 103 450 552 511 
8 126 112 526 534 113 103 511 528 
8 125 108 103 113 138 131 120 133 
8 108 460 450 103 131 477 476 120 
8 103 450 552 511 120 476 569 560 
8 113 103 511 528 133 120 560 564 
8 485 470 467 483 188 114 104 184 
8 470 473 471 467 114 127 116 104 
8 467 471 533 521 104 116 522 503 
8 483 467 521 588 184 104 503 582 
8 188 114 104 184 194 129 117 191 
8 114 127 116 104 129 137 130 117 
8 104 116 522 503 117 130 535 529 
8 184 104 503 582 191 117 529 589 
8 194 129 117 191 190 115 105 186 
8 129 137 130 117 115 128 118 105 
8 117 130 535 529 105 118 531 514 
8 191 117 529 589 186 105 514 587 
8 190 115 105 186 195 134 121 193 
8 115 128 118 105 134 139 135 121 
8 105 118 531 514 121 135 565 562 
8 186 105 514 587 193 121 562 593 
8 640 284 262 627 626 259 140 607 
8 284 303 287 262 259 285 146 140 
8 262 287 305 293 140 146 162 147 
8 627 262 293 641 607 140 147 631 
8 626 259 140 607 642 297 148 635 
8 259 285 146 140 297 306 163 148 
8 140 146 162 147 148 163 176 164 
8 607 140 147 631 635 148 164 643 
8 642 297 148 635 636 278 141 620 
8 297 306 163 148 278 299 149 141 
8 148 163 176 164 141 149 165 150 
8 635 148 164 643 620 141 150 639 
8 636 278 141 620 652 312 159 649 
8 278 299 149 141 312 316 171 159 
8 141 149 165 150 159 171 178 172 
8 620 141 150 639 649 159 172 653 
8 641 293 272 630 631 147 142 613 
8 293 305 294 272 147 162 151 142 
8 272 294 349 346 142 151 167 154 
8 630 272 346 672 613 142 154 666 
8 631 147 142 613 643 164 152 638 
8 147 162 151 142 164 176 166 152 
8 142 151 167 154 152 166 177 168 
8 613 142 154 666 638 152 168 673 
8 643 164 152 638 639 150 143 623 
8 164 176 166 152 150 165 153 143 
8 152 166 177 168 143 153 170 157 
8 638 152 168 673 623 143 157 671 
8 639 150 143 623 653 172 160 651 
8 150 165 153 143 172 178 173 160 
8 143 153 170 157 160 173 179 174 
8 623 143 157 671 651 160 174 677 
8 672 346 343 667 666 154 144 659 
8 346 349 347 343 154 167 155 144 
8 343 347 485 482 144 155 188 182 
8 667 343 482 696 659 144 182 690 
8 666 154 144 659 673 168 156 670 
8 154 167 155 144 168 177 169 156 
8 144 155 188 182 156 169 194 189 
8 659 144 182 690 670 156 189 697 
8 673 168 156 670 671 157 145 664 
8 168 177 169 156 157 170 158 145 
8 156 169 194 189 145 158 190 183 
8 670 156 189 697 664 145 183 694 
8 671 157 145 664 677 174 161 676 
8 157 170 158 145 174 179 175 161 
8 145 158 190 183 161 175 195 192 
8 664 145 183 694 676 161 192 701 
8 696 482 479 691 690 182 180 683 
8 482 485 483 479 182 188 184 180 
8 479 483 588 581 180 184 582 573 
8 691 479 581 720 683 180 573 714 
8 690 182 180 683 697 189 185 695 
8 182 188 184 180 189 194 191 185 
8 180 184 582 573 185 191 589 585 
8 683 180 573 714 695 185 585 721 
8 697 189 185 695 694 183 181 688 
8 189 194 191 185 183 190 186 181 
8 185 191 589 585 181 186 587 579 
8 695 185 585 721 688 181 579 719 
8 694 183 181 688 701 192 187 700 
8 183 190 186 181 192 195 193 187 
8 181 186 587 579 187 193 593 591 
8 688 181 579 719 700 187 591 725 

CELL_TYPES 256
12
12
12
12
12
12
12
12
12
12
12
12
12
12
12
12
12
12
12
12
12
12
12
12
12
12
12
12
12
12
12
12
12
12
12
12
12
12
12
12
12
12
12
12
12
12
12
12
12
12
12
12
12
12
12
12
12
12
12
12
12
12
12
12
12
12
12
12
12
12
12
12
12
12
12
12
12
12
12
12
12
12
12
12
12
12
12
12
12
12
12
12
12
12
12
12
12
12
12
12
12
12
12
12
12
12
12
12
12
12
12
12
12
12
12
12
12
12
12
12
12
12
12
12
12
12
12
12
12
12
12
12
12
12
12
12
12
12
12
12
12
12
12
12
12
12
12
12
12
12
12
12
12
12
12
12
12
12
12
12
12
12
12
12
12
12
12
12
12
12
12
12
12
12
12
12
12
12
12
12
12
12
12
12
12
12
12
12
12
12
12
12
12
12
12
12
12
12
12
12
12
12
12
12
12
12
12
12
12
12
12
12
12
12
12
12
12
12
12
12
12
12
12
12
12
12
12
12
12
12
12
12
12
12
12
12
12
12
12
12
12
12
12
12
12
12
12
12
12
12
12
12
12
12
12
12
POINT_DATA 726
SCALARS pact float 1
LOOKUP_TABLE default
0
0
0
0
0
0
0
0
0
0
0
0
0
0
0
0
0
0
0
0
0
0
0
0
0
0
0
0
0
0
0
0
0
0
0
0
0
0
0
0
0
0
0
0
0
0
0
0
0
0
0
0
0
0
0
0
0
0
0
0
0
0
0
0
0
0
0
0
0
0
0
0
0
0
0
0
0
0
0
0
0
0
0
0
0
0
0
0
0
0
0
0
0
0
0
0
0
0
0
1
0
0
0
0
0
0
0
0
0
0
0
0
0
0
0
0
0
0
0
0
0
0
0
0
0
0
0
0
0
0
0
0
0
0
0
0
0
0
0
0
0
0
0
0
0
0
0
0
0
0
0
0
0
0
0
0
0
0
0
0
0
0
0
0
0
0
0
0
0
0
0
0
0
0
0
0
0
0
0
0
0
0
0
0
0
0
0
0
0
0
0
0
0
0
0
0
0
0
0
0
0
0
0
0
0
0
0
0
0
0
0
0
0
0
0
0
0
0
0
0
0
0
0
0
0
0
0
0
0
0
0
0
0
0
0
0
0
0
0
0
0
0
0
0
0
0
0
0
0
0
0
0
0
0
0
0
0
0
0
0
0
0
0
0
0
0
0
0
0
0
0
0
0
0
0
0
0
0
0
0
0
0
0
0
0
0
0
0
0
0
0
0
0
0
0
0
0
0
0
0
0
0
0
0
0
0
0
0
0
0
0
0
0
0
0
0
0
0
0
0
0
0
0
0
0
0
0
0
0
0
0
0
0
0
0
0
0
0
0
0
0
0
0
0
0
0
0
0
0
0
0
0
0
0
0
0
0
0
0
0
0
0
0
0
0
0
0
0
0
0
0
0
0
0
0
0
0
0
0
0
0
0
0
0
0
0
0
0
0
0
0
0
0
0
0
0
0
0
0
0
0
0
0
0
0
0
0
0
0
0
0
0
0
0
0
0
0
0
0
0
0
0
0
0
0
0
0
0
0
0
0
0
0
0
0
0
0
0
0
0
0
0
0
0
0
0
0
0
0
0
0
0
0
0
0
0
0
0
0
0
0
0
0
0
0
0
0
0
0
0
0
0
0
0
0
0
0
0
0
0
0
0
0
0
0
0
0
0
0
0
0
0
0
0
0
0
0
0
0
0
0
0
0
0
0
0
0
0
0
0
0
0
0
0
0
0
0
0
0
0
0
0
0
0
0
0
0
0
0
0
0
0
0
0
0
0
0
0
0
0
0
0
0
0
0
0
0
0
0
0
0
0
0
0
0
0
0
0
0
0
0
0
0
0
0
0
0
0
0
0
0
0
0
0
0
0
0
0
0
0
0
0
0
0
0
0
0
0
0
0
0
0
0
0
0
0
0
0
0
0
0
0
0
0
0
0
0
0
0
0
0
0
0
0
0
0
0
0
0
0
0
0
0
0
0
0
0
0
0
0
0
0
0
0
0
0
0
0
0
0
0
0
0
0
0
0
0
0
0
0
0
0
0
0
0
0
0
0
0
0
0
0
0
0
0
0
0
0
0
0
0
0
0
0
0
0
0
0
0
0
0
0
0
0
0
0
0
0
0
0
0
0
0
0
0
0
0
0
0
0
0
0
0
0
0
0
0
0
0
0
0
0
0
0
0
0
0
0
0
0
0
0
0
0
0
0

CELL_DATA 256
SCALARS eact float 1
LOOKUP_TABLE default
1
1
1
1
1
1
1
1
1
1
1
1
1
1
1
1
1
1
1
1
1
1
1
1
1
1
1
1
1
1
1
1
0
0
0
0
0
0
0
0
0
0
0
0
0
0
0
0
0
0
0
0
0
0
0
0
0
0
0
0
0
0
0
0
0
0
0
0
0
0
0
0
0
0
0
0
0
0
0
0
0
0
0
0
0
0
0
0
0
0
0
0
0
0
0
0
0
0
0
0
0
0
0
0
0
0
0
0
0
0
0
0
0
0
0
0
0
0
0
0
0
0
0
0
0
0
0
0
0
0
0
0
0
0
0
0
0
0
0
0
0
0
0
0
0
0
0
0
0
0
0
0
0
0
0
0
0
0
0
0
0
0
0
0
0
0
0
0
0
0
0
0
0
0
0
0
0
0
0
0
0
0
0
0
0
0
0
0
0
0
0
0
0
0
0
0
0
0
0
0
0
0
0
0
0
0
0
0
0
0
0
0
0
0
0
0
0
0
0
0
0
0
0
0
0
0
0
0
0
0
0
0
0
0
0
0
0
0
0
0
0
0
0
0
0
0
0
0
0
0
0
0
0
0
0
0
