# vtk DataFile Version 2.0
Square plate test
ASCII
DATASET UNSTRUCTURED_GRID
POINTS 1067 float
2.76142 3.92482 0.95537
3.02272 3.88904 0.926066
2.76102 3.38001 0.95535
3.02198 3.3798 0.925961
3.02456 3.88922 1.04496
2.76194 3.92598 1.01491
2.7613 3.37771 1.01476
3.02303 3.37902 1.0446
3.02495 4.46979 0.921979
3.02789 4.47269 1.05238
2.7633 4.56644 0.939216
2.76437 4.57441 1.04192
2.22902 3.97158 0.965487
2.26576 3.40696 0.965537
2.22893 3.97428 1.00442
2.2657 3.40462 1.00435
2.22901 4.62003 0.941527
2.22903 4.63027 1.0442
3.0223 3.61779 0.926012
3.02088 3.88886 0.866621
2.89302 3.90629 0.942946
2.76117 3.62693 0.955354
2.7609 3.92365 0.925599
2.76073 3.38232 0.925644
2.89239 3.38018 0.942901
3.02092 3.38058 0.866644
3.0241 3.88917 0.985511
3.02372 3.61712 1.04476
2.89422 3.90683 1.02769
2.76181 3.92569 0.98514
2.76156 3.6251 1.01483
2.76123 3.37828 0.985055
3.02277 3.37921 0.985278
2.89306 3.37863 1.02742
3.02351 4.17816 0.925072
3.02586 4.17964 1.04692
3.02716 4.47197 0.98718
2.89586 4.52019 0.933743
2.898 4.52591 1.04345
2.76203 4.24691 0.951342
2.76276 4.2519 1.02171
2.7641 4.57242 0.990568
3.02202 4.46689 0.856779
2.76222 4.55846 0.887865
2.56204 3.94609 0.962997
2.2382 3.66316 0.965518
2.22911 3.96889 0.946019
2.26582 3.4093 0.946128
2.57107 3.38653 0.962998
2.56206 3.94801 1.00702
2.22895 3.9736 0.984954
2.23812 3.66172 1.00437
2.26571 3.4052 0.984945
2.57107 3.38384 1.00696
2.56257 4.60192 0.940957
2.56279 4.61145 1.04358
2.22902 4.30096 0.959478
2.22896 4.30842 1.0144
2.22903 4.62771 0.992866
2.22899 4.60978 0.890188
3.02088 3.61847 0.866638
2.89264 3.62253 0.942923
2.89182 3.90574 0.900571
2.76079 3.62876 0.925619
2.89173 3.38174 0.900643
3.02336 3.61728 0.985387
2.89392 3.9067 0.98532
2.89355 3.62123 1.02754
2.76146 3.62556 0.98509
2.89289 3.37902 0.985159
3.02527 4.17927 0.985994
2.89395 4.21199 0.940657
2.89554 4.21515 1.03172
2.89747 4.52448 0.988596
2.76258 4.25065 0.986526
3.02117 4.17669 0.864149
2.89372 4.51447 0.878891
2.7613 4.24192 0.916157
2.56424 3.63811 0.962991
2.56203 3.94418 0.940987
2.23828 3.66459 0.946093
2.57106 3.38921 0.941016
2.56205 3.94753 0.985006
2.56425 3.63613 1.00698
2.23814 3.66208 0.984943
2.57107 3.38451 0.98498
2.56223 4.27814 0.957493
2.5623 4.2847 1.01618
2.56273 4.60907 0.992267
2.22897 4.30655 0.986941
2.56236 4.59239 0.889647
2.22908 4.29351 0.932015
2.89174 3.62382 0.900614
2.89332 3.62155 0.985232
2.89514 4.21436 0.986187
2.89235 4.20884 0.895127
2.56423 3.64009 0.940997
2.56425 3.63663 0.984985
2.56228 4.28306 0.986836
2.56217 4.27158 0.92815
2.76204 5.06167 0.903341
3.02325 4.9568 0.908167
2.76278 5.0677 1.08506
3.02504 4.95972 1.06778
2.8127 5.10912 0.648232
3.17136 5.00904 0.73233
2.29747 5.12447 0.896972
2.29753 5.1305 1.099
2.31835 5.13798 0.600449
3.02541 4.73798 0.916455
3.02838 4.74163 1.05984
2.76378 4.84938 0.92216
2.76498 4.85815 1.06616
2.8939 5.00409 0.907759
2.7626 5.05723 0.994167
3.02459 4.9443 0.98794
2.89528 5.00934 1.0738
2.81812 4.93237 0.68421
2.99431 5.06969 0.693165
2.77433 5.07949 0.794167
3.17649 4.79696 0.752806
3.05939 4.98308 0.824338
2.24612 4.90309 0.918427
2.24621 4.91319 1.07776
2.57935 5.10874 0.898537
2.29752 5.12899 0.997984
2.57954 5.11476 1.09549
2.27074 4.96096 0.631649
2.59717 5.13075 0.612377
2.30266 5.12483 0.772335
3.02764 4.73705 0.988138
2.89657 4.79589 0.922634
2.89883 4.80276 1.05883
2.76468 4.85371 0.994152
2.89493 4.99315 0.990727
3.0612 4.6951 0.825876
2.77678 4.80979 0.818092
3.00238 4.88425 0.727681
2.91831 5.03274 0.812652
2.56698 4.88845 0.919326
2.56728 4.89817 1.07481
2.24619 4.91066 0.998092
2.5795 5.11101 0.997005
2.23937 4.85362 0.797684
2.58661 4.95378 0.644748
2.5837 5.11347 0.777767
2.89827 4.79732 0.990718
2.92178 4.76037 0.830273
2.5672 4.89518 0.997067
2.56853 4.84149 0.802755
1.42949 4.02625 0.964571
1.54765 3.47236 0.964551
1.42955 4.03049 1.00532
1.54763 3.47154 1.00529
1.42917 4.63824 0.941306
1.42944 4.64901 1.04456
1.82921 3.99905 0.965218
1.45907 3.72965 0.964408
1.42942 4.022 0.944196
1.54766 3.47318 0.944183
1.90474 3.437 0.965282
1.8292 4.00253 1.00467
1.42953 4.02943 0.984945
1.45906 3.73 1.00544
1.54763 3.47174 0.984919
1.90471 3.4354 1.00458
1.82906 4.62929 0.941464
1.82921 4.63981 1.04435
1.42937 4.33738 0.958913
1.42953 4.34588 1.015
1.42937 4.64632 0.992934
1.4289 4.62747 0.889678
1.84812 3.69577 0.965227
1.82921 3.99556 0.945491
1.45907 3.7293 0.943893
1.90476 3.43861 0.945633
1.8292 4.00166 0.984946
1.84808 3.69523 1.00464
1.45906 3.72991 0.984923
1.90471 3.4358 0.984931
1.82914 4.31937 0.959288
1.82921 4.32736 1.01461
1.82918 4.63718 0.992907
1.42949 4.34375 0.986958
1.8289 4.61876 0.89002
1.42921 4.32887 0.930867
1.84816 3.69632 0.945521
1.84809 3.69536 0.984932
1.82919 4.32536 0.986946
1.82908 4.31137 0.931629
1.63456 5.12448 0.897023
1.63475 5.1305 1.09906
1.6998 5.13799 0.600474
1.4804 4.90766 0.918445
1.48071 4.91788 1.07793
1.96601 5.1245 0.897012
1.6347 5.129 0.998041
1.96614 5.13053 1.09904
1.55941 4.96099 0.631722
2.00848 5.138 0.600472
1.65077 5.12485 0.772377
1.86325 4.90545 0.918465
1.86345 4.91562 1.07785
1.48063 4.91533 0.998188
1.96611 5.12903 0.998024
1.46135 4.85808 0.79763
1.91388 4.96099 0.631709
1.97657 5.12486 0.772371
1.8634 4.91308 0.998156
1.85005 4.85591 0.797702
3.02456 3.88922 1.1044
2.76194 3.92598 1.04468
2.7613 3.37771 1.04447
3.02303 3.37902 1.10391
3.02789 4.47269 1.11758
2.76437 4.57441 1.09327
2.22893 3.97428 1.02389
2.2657 3.40462 1.02376
2.22903 4.63027 1.09554
3.02372 3.61712 1.10414
2.89422 3.90683 1.07007
2.76156 3.6251 1.04456
2.89306 3.37863 1.06968
3.02586 4.17964 1.10784
2.898 4.52591 1.0983
2.76276 4.2519 1.0569
2.56206 3.94801 1.02903
2.23812 3.66172 1.02379
2.57107 3.38384 1.02894
2.56279 4.61145 1.09489
2.22896 4.30842 1.04187
2.89355 3.62123 1.06985
2.89554 4.21515 1.07725
2.56425 3.63613 1.02897
2.5623 4.2847 1.04552
3.17414 5.01243 1.24233
2.81395 5.11567 1.33627
2.31844 5.14401 1.38999
3.18197 4.80204 1.22345
2.99652 5.07571 1.28595
3.06231 4.98759 1.15135
2.82057 4.9437 1.30387
2.77558 5.08865 1.19333
2.30276 5.13388 1.22225
2.27094 4.97302 1.36397
2.59755 5.13691 1.37653
3.06761 4.70221 1.15049
2.77943 4.82715 1.17015
3.00672 4.89366 1.25376
2.92059 5.04081 1.1684
2.23956 4.87382 1.19841
2.58404 5.12254 1.215
2.58737 4.96565 1.34891
2.92669 4.77384 1.15116
2.56924 4.86089 1.19129
1.42955 4.03049 1.02569
1.54763 3.47154 1.02565
1.42944 4.64901 1.09619
1.8292 4.00253 1.0244
1.45906 3.73 1.02595
1.90471 3.4354 1.02423
1.82921 4.63981 1.09579
1.42953 4.34588 1.04305
1.84808 3.69523 1.02434
1.82921 4.32736 1.04226
1.6997 5.14402 1.39004
1.65099 5.13388 1.22231
1.55923 4.97303 1.36406
2.00852 5.14403 1.39002
1.46183 4.87851 1.19867
1.97674 5.13391 1.22229
1.91399 4.97306 1.36403
1.85041 4.87625 1.19853
0.785688 4.17357 0.964237
0.774628 4.68602 0.941354
0.785714 4.17842 1.00543
0.774846 4.69686 1.0444
0.977327 5.12447 0.89705
0.977517 5.13048 1.09909
1.03683 5.138 0.600474
1.0687 4.07662 0.964069
1.0656 4.65458 0.941216
0.778869 4.43394 0.958852
0.785662 4.16873 0.943637
0.774409 4.67517 0.889832
1.06878 4.08139 1.00577
1.06592 4.66548 1.04464
0.785708 4.17721 0.984836
0.778955 4.44271 1.01478
0.774792 4.69415 0.992876
0.823827 4.9196 0.918501
0.824123 4.92981 1.07794
1.30452 5.12446 0.897029
0.977471 5.12898 0.998071
1.30475 5.13046 1.09907
0.89067 4.961 0.631744
1.38002 5.13799 0.600469
0.992107 5.12485 0.772396
1.06688 4.37042 0.958664
1.06862 4.07184 0.943218
1.06529 4.64368 0.889502
0.778783 4.42517 0.930885
1.06876 4.0802 0.984919
1.06706 4.37924 1.0152
1.06584 4.66276 0.992929
0.778933 4.44052 0.986818
1.12483 4.91172 0.918434
1.12519 4.92195 1.07798
0.824049 4.92726 0.998222
1.30469 5.12896 0.998052
0.801914 4.87001 0.797709
1.21559 4.96098 0.631722
1.32328 5.12484 0.772378
1.0667 4.3616 0.930397
1.06702 4.37703 0.986931
1.1251 4.91939 0.998205
1.10229 4.86212 0.797592
1.03658 5.144 1.39005
0.785714 4.17842 1.02603
0.774846 4.69686 1.09592
0.992282 5.13386 1.22234
0.890188 4.973 1.36411
1.37979 5.144 1.39004
1.06878 4.08139 1.02662
1.06592 4.66548 1.09636
0.778955 4.44271 1.04275
0.80229 4.89044 1.19866
1.32351 5.13385 1.22233
1.21514 4.97299 1.36408
1.06706 4.37924 1.04346
1.10279 4.88258 1.19874
0.772321 3.87466 0.944852
1.15811 3.48888 0.944868
0.77232 3.87466 1.02493
1.1581 3.48888 1.02494
0.772322 3.87466 0.904814
0.786401 3.96659 0.959055
0.983674 3.70023 0.944715
1.15812 3.48888 0.90483
1.2727 3.49549 0.959146
0.77232 3.87466 0.98489
0.786408 3.9678 1.0107
0.983671 3.70023 1.02508
1.15811 3.48888 0.984906
1.27269 3.49528 1.01067
0.786393 3.96538 0.933232
0.983677 3.70023 0.904532
1.07552 3.77212 0.960497
1.27271 3.4957 0.933381
0.786406 3.9675 0.984877
0.983672 3.70023 0.984899
1.07552 3.77277 1.00931
1.27269 3.49533 0.98491
1.07551 3.77148 0.936089
1.08799 3.77977 0.984906
0.77232 3.87466 1.06497
1.1581 3.48888 1.06498
0.786408 3.9678 1.03652
0.983671 3.70023 1.06527
1.27269 3.49528 1.03644
1.07552 3.77277 1.03372
1.37326 2.98783 0.945504
1.37325 2.98782 1.02433
1.71904 2.97565 0.965186
1.71904 2.97534 1.00467
2.32288 2.94672 0.965545
2.32287 2.94591 1.00436
1.48359 2.98858 0.960094
1.28989 3.24871 0.945176
1.37325 2.98782 0.984918
1.48358 2.9885 1.00975
1.28988 3.24871 1.02465
1.64953 3.22936 0.964858
1.71904 2.97542 0.984929
1.64953 3.22877 1.00499
2.01901 2.95853 0.965447
2.29841 3.17686 0.965545
2.32287 2.94611 0.984951
2.01901 2.95794 1.00443
2.29838 3.17525 1.00436
1.37325 2.98782 1.06375
1.71904 2.97534 1.02442
2.32287 2.94591 1.02376
1.40034 3.25131 0.959604
1.48358 2.98852 0.984922
1.28988 3.24871 0.984913
1.40032 3.25116 1.01023
1.64953 3.22892 0.984924
1.97104 3.19913 0.965363
2.01901 2.95809 0.984939
2.29839 3.17565 0.984951
1.97104 3.19798 1.00451
1.48358 2.9885 1.03458
1.28988 3.24871 1.06439
1.64953 3.22877 1.02506
2.01901 2.95794 1.02392
2.29838 3.17525 1.02376
1.40032 3.25119 0.984916
1.97104 3.19827 0.984937
1.40032 3.25116 1.03554
1.97104 3.19798 1.02408
1.37327 2.98783 0.90609
1.71905 2.97596 0.945443
2.3229 2.94754 0.946138
1.4836 2.98866 0.935266
1.28991 3.24872 0.905439
1.64954 3.22996 0.944792
2.01901 2.95912 0.945955
2.29844 3.17847 0.946139
1.40035 3.25147 0.934292
1.97105 3.20027 0.94579
2.76076 2.93758 0.955303
2.76087 2.93681 1.01468
2.58526 2.93986 0.962992
2.58527 2.93896 1.00694
2.7609 3.15869 0.955339
2.76082 2.937 0.984991
2.76109 3.15716 1.01471
2.76091 2.93681 1.04436
2.57918 3.16317 0.963003
2.58526 2.93919 0.984967
2.57919 3.16137 1.00695
2.76104 3.15754 0.985026
2.58528 2.93896 1.02892
2.7611 3.15716 1.0444
2.57918 3.16182 0.984978
2.57919 3.16137 1.02893
2.7607 2.93834 0.925613
2.58527 2.94077 0.941016
2.76071 3.16022 0.92565
2.57918 3.16497 0.941028
3.02137 2.93751 0.925831
3.02176 2.93725 1.04432
2.89194 2.93756 0.942806
3.02169 3.15854 0.925903
3.02103 2.93776 0.866584
3.02164 2.93732 0.985076
2.89219 2.93705 1.02724
3.02241 3.15803 1.04445
2.89219 3.15871 0.942866
2.89176 2.93807 0.900584
3.02098 3.15906 0.866629
2.8921 2.93718 0.985026
3.02222 3.15816 0.985177
2.89264 3.15768 1.02732
2.89175 3.15973 0.900639
2.89252 3.15794 0.985093
3.02181 2.93725 1.10356
2.89225 2.93705 1.06945
3.02242 3.15803 1.10372
2.89266 3.15768 1.06954
3.34727 3.37914 0.87718
3.34786 3.87244 0.8773
3.34833 3.37915 1.09342
3.34969 3.87237 1.09375
3.34841 4.41737 0.877349
3.3511 4.41718 1.0942
3.3462 3.37914 0.769061
3.16764 3.37931 0.904173
3.34755 3.6129 0.877235
3.34602 3.87251 0.769074
3.16838 3.87659 0.904321
3.34806 3.37915 0.985299
3.16889 3.37911 1.06652
3.34897 3.61288 1.09358
3.34923 3.87239 0.985525
3.17053 3.87659 1.06691
3.34815 4.14489 0.877347
3.35042 4.14476 1.09396
3.35043 4.41723 0.985776
3.1695 4.43045 0.903367
3.1727 4.43103 1.06915
3.34571 4.41755 0.768922
3.16639 3.3795 0.822999
3.34613 3.61291 0.769064
3.16798 3.61412 0.904243
3.16623 3.87659 0.823028
3.16858 3.37916 0.985347
3.34862 3.61288 0.985405
3.16966 3.61394 1.0667
3.16999 3.87659 0.985613
3.34985 4.1448 0.985652
3.16887 4.1532 0.904123
3.17154 4.15347 1.06758
3.1719 4.43088 0.98626
3.34589 4.14503 0.769042
3.16629 4.42986 0.820474
3.16631 3.6143 0.823014
3.16924 3.61398 0.985472
3.17087 4.15341 0.985849
3.1662 4.15293 0.822397
3.34671 2.93743 0.877079
3.34709 2.93743 1.09314
3.34699 3.15829 0.87713
3.34633 2.93743 0.769042
3.16698 2.93745 0.904035
3.34699 2.93743 0.985111
3.34772 3.15829 1.09327
3.16744 2.93739 1.06619
3.34627 3.15828 0.769056
3.16732 3.15835 0.904105
3.16655 2.93751 0.822955
3.34753 3.15829 0.985202
3.16731 2.9374 0.985114
3.16817 3.15823 1.06635
3.16647 3.15848 0.822981
3.16795 3.15826 0.98523
3.34833 3.37915 1.20154
3.34969 3.87237 1.20198
3.3511 4.41718 1.20263
3.16889 3.37911 1.14769
3.34897 3.61288 1.20175
3.17053 3.87659 1.1482
3.35042 4.14476 1.20226
3.1727 4.43103 1.15205
3.16966 3.61394 1.14793
3.17154 4.15347 1.1493
3.3471 2.93744 1.20116
3.34772 3.15829 1.20134
3.16746 2.93739 1.14726
3.16818 3.15823 1.14748
3.3477 4.9147 0.876977
3.34927 4.91455 1.0937
3.34835 4.67794 0.877246
3.35098 4.67774 1.09421
3.34887 4.90312 0.985341
3.16841 4.9252 0.899571
3.17029 4.92581 1.07256
3.30283 4.94983 0.786632
3.35032 4.67493 0.985728
3.16958 4.69291 0.9019
3.17272 4.69367 1.07102
3.16982 4.91339 0.986059
3.30331 4.64867 0.764812
3.17558 4.95021 0.836076
3.17194 4.69041 0.986459
3.17544 4.60146 0.807349
3.30549 4.95049 1.18503
3.30915 4.64962 1.20804
3.17821 4.95209 1.13689
3.18188 4.60439 1.16652
2.80735 5.35954 0.612253
3.16623 5.32716 0.711853
2.75927 5.33593 0.88364
3.01978 5.29207 0.898496
2.75927 5.33669 1.10129
3.01978 5.2928 1.07596
2.80865 5.2601 0.621248
2.98626 5.34416 0.658649
2.77129 5.35042 0.761448
3.16752 5.19461 0.716972
3.0564 5.31516 0.807535
2.75993 5.21873 0.888565
2.88955 5.30588 0.891
3.02065 5.13768 0.900914
2.36596 5.315 0.569248
2.36595 5.315 0.876339
2.62899 5.3741 0.56926
2.62898 5.37411 0.876347
2.75927 5.32754 0.992398
3.01978 5.27792 0.987163
2.76011 5.22118 1.09723
2.88954 5.307 1.08856
3.0211 5.13933 1.07392
2.36594 5.315 1.11408
2.62897 5.37411 1.11409
2.98826 5.23102 0.667278
2.77202 5.24129 0.769628
2.91373 5.32976 0.783624
3.05714 5.17312 0.811736
2.89063 5.16677 0.89519
2.62884 5.315 0.569261
2.36595 5.315 0.740131
2.62883 5.315 0.876348
2.62898 5.3741 0.74014
2.76006 5.20712 0.99284
2.88955 5.29185 0.989679
3.02098 5.11688 0.987357
2.89097 5.16949 1.08487
2.36594 5.315 0.99521
2.62882 5.315 1.11409
2.62898 5.37411 0.995218
2.91486 5.20378 0.790881
2.62883 5.315 0.757477
2.89088 5.14649 0.989941
2.62882 5.315 0.995219
3.34676 5.28638 0.876626
3.34677 5.28634 1.09292
3.34699 5.12005 0.876714
3.30162 5.30806 0.78135
3.16663 5.2878 0.89681
3.34739 5.11996 1.09312
3.34676 5.27488 0.984784
3.16664 5.28795 1.07394
3.30193 5.15593 0.78267
3.16708 5.12445 0.8975
3.17398 5.30427 0.828423
3.34729 5.10279 0.984923
3.16755 5.12479 1.0736
3.16664 5.27564 0.98536
3.16768 5.15074 0.829597
3.16743 5.1063 0.985535
3.16631 5.32801 1.26121
2.8074 5.36043 1.36868
3.16827 5.19652 1.25649
2.809 5.26285 1.36057
2.98635 5.34548 1.31815
3.05641 5.31629 1.16671
2.7713 5.35158 1.22262
2.36594 5.315 1.416
2.62896 5.37411 1.41601
2.98888 5.23418 1.3101
3.05789 5.17566 1.16287
2.77233 5.24504 1.21529
2.91374 5.3315 1.19545
2.36594 5.315 1.249
2.62881 5.315 1.41598
2.62897 5.37411 1.249
2.91545 5.20797 1.18868
2.62882 5.315 1.23296
3.30166 5.30822 1.18906
3.30261 5.1563 1.18805
3.174 5.30475 1.14319
3.16849 5.15146 1.14181
2.35262 5.15752 0.204757
2.91803 5.14088 0.313228
3.47359 5.03103 0.536154
2.90956 5.36491 0.293961
3.46518 5.33253 0.522876
2.33927 5.00004 0.216708
2.63204 5.15336 0.231876
2.33738 5.15263 0.40377
2.92533 4.98514 0.331888
2.86473 5.13484 0.482322
3.20155 5.1051 0.423194
3.48076 4.83018 0.548825
3.32186 5.02743 0.635237
2.91226 5.27476 0.299082
3.18874 5.35222 0.401756
2.85694 5.3641 0.451331
3.4679 5.20683 0.526499
3.3142 5.33173 0.615587
2.36597 5.31499 0.192806
2.629 5.3741 0.192828
2.63048 4.99632 0.245495
2.30881 4.99027 0.426513
2.6149 5.14818 0.423401
2.87228 4.97467 0.513161
3.21252 4.93895 0.44372
3.09701 5.09909 0.559834
3.32922 4.82461 0.654735
3.19286 5.24996 0.407571
2.85901 5.27224 0.459155
3.08523 5.35101 0.527539
3.31627 5.20492 0.620575
2.62885 5.31499 0.192828
2.36596 5.31499 0.381027
2.629 5.3741 0.381044
2.60959 4.98636 0.448153
3.10835 4.92937 0.591902
3.0884 5.24693 0.535727
2.62884 5.31499 0.381045
3.74066 4.41739 0.817966
3.74042 4.92618 0.81784
3.74025 5.29783 0.817783
3.74056 4.68083 0.817901
3.73975 4.41759 0.650712
3.54452 4.4174 0.847643
3.67344 4.95821 0.663804
3.54405 4.9176 0.847397
3.74028 5.13724 0.817796
3.67148 5.31226 0.660494
3.54351 5.28924 0.847199
3.67489 4.65701 0.625168
3.54444 4.67871 0.847558
3.54272 4.41759 0.709783
3.48798 4.95517 0.725451
3.67212 5.16329 0.661396
3.54364 5.12435 0.847248
3.48618 5.30991 0.720474
3.48924 4.65562 0.695937
3.48667 5.15959 0.721737
1.84019 5.315 0.569226
1.84018 5.315 0.876322
1.84018 5.315 1.11406
2.10307 5.315 0.569236
1.84019 5.315 0.740113
2.10306 5.315 0.87633
1.84018 5.315 0.995193
2.10306 5.315 1.11407
2.10307 5.315 0.740121
2.10306 5.315 0.995201
1.84018 5.315 1.41601
1.84018 5.315 1.24899
2.10306 5.315 1.41601
2.10306 5.315 1.24899
1.80272 5.15752 0.204746
2.07707 5.15752 0.204753
1.8402 5.31499 0.192775
1.75825 5.15264 0.403776
1.76523 5.00004 0.216717
2.10309 5.31499 0.192787
2.04692 5.15264 0.403779
1.8402 5.31499 0.381001
2.05106 5.00004 0.216719
1.6763 4.99028 0.426551
2.10308 5.31499 0.381012
1.99077 4.99028 0.426546
1.18299 5.315 0.569205
1.18298 5.315 0.876301
1.18297 5.315 1.11404
1.54445 5.315 0.569216
1.18298 5.315 0.740091
1.54444 5.315 0.876313
1.18297 5.315 0.995172
1.54443 5.315 1.11405
1.54445 5.315 0.740103
1.54444 5.315 0.995183
1.18297 5.315 1.416
1.18297 5.315 1.24897
1.54444 5.315 1.41601
1.54443 5.315 1.24898
1.13976 5.15752 0.204724
1.5001 5.15752 0.204736
1.183 5.31499 0.192753
1.09241 5.15264 0.403759
1.09652 5.00004 0.216694
1.54446 5.31499 0.192765
1.4479 5.15264 0.403767
1.18299 5.31499 0.380979
1.45573 5.00004 0.216708
1.00182 4.99028 0.426539
1.54446 5.31499 0.380991
1.35134 4.99028 0.426544
3.74156 4.41718 1.15247
3.74095 4.92601 1.15228
3.47463 5.03138 1.43538
2.91857 5.1414 1.66191
3.46525 5.33263 1.44778
2.90961 5.36505 1.67928
3.74025 5.29779 1.152
3.74156 4.41718 1.31973
3.74146 4.68061 1.15247
3.54632 4.41722 1.12336
3.67437 4.95809 1.30666
3.54511 4.91745 1.123
3.48276 4.8307 1.42359
3.32381 5.02882 1.33793
3.20245 5.10583 1.54995
2.92634 4.98591 1.64517
2.86569 5.13713 1.49782
3.46822 5.20703 1.44437
2.91245 5.27506 1.67462
3.18884 5.35241 1.56999
3.31431 5.33208 1.35604
2.85702 5.3645 1.52555
3.74042 5.13715 1.15207
3.67151 5.31224 1.30949
3.54352 5.28921 1.12244
3.67691 4.65678 1.34578
3.54632 4.41722 1.26122
3.5462 4.67851 1.12337
3.48979 4.95533 1.24562
3.333 4.82669 1.31997
3.2142 4.94005 1.53083
3.09863 5.10155 1.41647
2.87411 4.97848 1.47027
3.19317 5.25037 1.56452
3.31684 5.2057 1.35143
2.85931 5.27329 1.51853
3.08538 5.35158 1.44642
3.67237 5.16322 1.30871
3.54392 5.12427 1.12258
3.48622 5.30996 1.24963
3.49318 4.65582 1.27607
3.11143 4.93314 1.38676
3.08892 5.24826 1.43881
3.48715 5.15968 1.24861
2.35264 5.15753 1.7726
2.33744 5.15415 1.58063
2.3393 5.00005 1.76308
2.63222 5.1535 1.7449
2.36597 5.31501 1.78211
2.62898 5.37411 1.78211
2.30893 4.99329 1.5622
2.61522 5.14989 1.5599
2.63083 4.99651 1.73359
2.36595 5.31501 1.59905
2.62885 5.31501 1.78203
2.62896 5.37411 1.59906
2.61022 4.98958 1.53919
2.6288 5.31501 1.59901
1.80241 5.15753 1.77264
1.75786 5.15415 1.58067
2.07698 5.15753 1.77263
1.84021 5.31501 1.78219
1.76462 5.00005 1.76309
2.04683 5.15415 1.58066
1.84019 5.31501 1.5991
2.10309 5.31501 1.78217
1.67553 4.9933 1.56224
2.05087 5.00005 1.7631
2.10307 5.31501 1.59909
1.99059 4.9933 1.56224
1.1393 5.15753 1.77261
1.09179 5.15415 1.58066
1.49963 5.15753 1.77263
1.18298 5.31501 1.78217
1.09562 5.00005 1.76305
1.44727 5.15415 1.58066
1.18298 5.31501 1.59908
1.54446 5.31501 1.78218
1.00061 4.99329 1.56224
1.45479 5.00005 1.76307
1.54445 5.31501 1.59909
1.35009 4.99329 1.56223
0.27126 4.08982 0.945459
0.270788 4.34373 0.965101
0.271258 4.08982 1.02429
0.270754 4.34851 1.00448
0.259977 4.74031 0.941552
0.260005 4.75105 1.04389
0.532151 4.00644 0.945145
0.271261 4.08982 0.906045
0.274938 4.17718 0.960038
0.534903 4.27624 0.964704
0.270822 4.3402 0.945409
0.271259 4.08982 0.984873
0.532149 4.00644 1.02462
0.274929 4.17837 1.00967
0.534868 4.28099 1.00483
0.270763 4.34669 0.984792
0.518624 4.71908 0.94153
0.518715 4.72983 1.04407
0.264053 4.54595 0.959366
0.264018 4.55461 1.0141
0.259998 4.74695 0.992723
0.259948 4.73238 0.890377
0.532152 4.00644 0.905408
0.540269 4.09442 0.959541
0.274946 4.17629 0.935223
0.534939 4.2718 0.94464
0.53215 4.00644 0.984882
0.274931 4.17792 0.984852
0.54026 4.09561 1.01016
0.534877 4.27965 0.984769
0.52478 4.50132 0.959183
0.524758 4.50995 1.01426
0.518692 4.72679 0.992799
0.264027 4.55131 0.986734
0.518532 4.70904 0.89026
0.264088 4.53955 0.931997
0.540277 4.09331 0.93423
0.540262 4.09527 0.984853
0.524763 4.50751 0.98672
0.524802 4.49325 0.931647
0.325781 5.12286 0.896986
0.32584 5.12883 1.09889
0.340978 5.138 0.600463
0.275054 4.93116 0.918483
0.275138 4.9413 1.07757
0.651553 5.12409 0.897049
0.325826 5.12655 0.99794
0.651677 5.13009 1.09905
0.287612 4.96099 0.631748
0.68542 5.138 0.600476
0.32955 5.12445 0.772377
0.54977 4.92738 0.91855
0.549951 4.93757 1.07781
0.275118 4.93743 0.998033
0.651647 5.12839 0.99805
0.265442 4.88431 0.797858
0.582174 4.96101 0.631761
0.659957 5.12477 0.772405
0.549906 4.93469 0.998183
0.532274 4.8785 0.797843
0.271257 4.08982 1.0637
0.270754 4.34975 1.02417
0.260004 4.75386 1.09505
0.532149 4.00644 1.06436
0.274929 4.17868 1.03448
0.534868 4.2813 1.0249
0.518715 4.73053 1.09533
0.264017 4.55687 1.04147
0.54026 4.09569 1.03548
0.524758 4.51051 1.04179
0.340862 5.14397 1.38985
0.329594 5.1334 1.2221
0.287404 4.97293 1.36372
0.685226 5.14401 1.39001
0.265528 4.9046 1.19808
0.660063 5.13376 1.22229
0.581805 4.97301 1.36403
0.532483 4.89887 1.19844
0.394343 5.315 0.569179
0.394333 5.315 0.876275
0.394326 5.315 1.11402
0.788665 5.315 0.569192
0.394337 5.315 0.740066
0.788656 5.315 0.876288
0.394329 5.315 0.995146
0.788648 5.315 1.11403
0.78866 5.315 0.740079
0.788652 5.315 0.995159
0.39432 5.315 1.41597
0.394322 5.315 1.24894
0.788646 5.315 1.41599
0.788646 5.315 1.24895
0.375296 5.15752 0.204701
0.754044 5.15752 0.204711
0.394355 5.31499 0.192728
0.357186 5.15264 0.40374
0.356237 5.00004 0.216673
0.788677 5.31499 0.192741
0.719572 5.15264 0.40375
0.394349 5.31499 0.380954
0.71941 5.00004 0.216681
0.320023 4.99028 0.426526
0.788671 5.31499 0.380966
0.650472 4.99028 0.426533
0.375095 5.15753 1.77253
0.356933 5.15414 1.58053
0.753703 5.15753 1.77258
0.394316 5.31501 1.78214
0.355874 5.00005 1.76292
0.71912 5.15415 1.58063
0.394318 5.315 1.59906
0.788651 5.31501 1.78216
0.319548 4.99327 1.56199
0.718755 5.00005 1.76301
0.788648 5.31501 1.59907
0.649592 4.99329 1.56219
0.697124 3.76017 0.926151
0.244793 3.94749 0.926184
1.0434 3.41395 0.926157
0.696844 3.76037 1.04364
0.24468 3.94753 1.04357
1.04318 3.41422 1.04365
0.742784 3.82884 0.93082
0.260847 4.03036 0.930972
0.697274 3.76008 0.867408
0.480268 3.87631 0.926159
0.244857 3.94748 0.86749
0.887466 3.6043 0.926152
1.11223 3.4594 0.930833
1.04353 3.41382 0.867409
0.742712 3.82889 1.03896
0.260816 4.03037 1.03878
0.696979 3.76026 0.984894
0.244733 3.9475 0.984878
0.480059 3.87641 1.04362
0.887173 3.60458 1.04364
1.11217 3.45947 1.03898
1.04328 3.41408 0.984904
0.750849 3.84026 0.867389
0.51175 3.95338 0.930891
0.263671 4.04206 0.867371
0.480384 3.87628 0.867431
0.945695 3.66232 0.930791
0.887623 3.60417 0.867406
1.12371 3.46739 0.867403
0.742746 3.82886 0.984891
0.260831 4.03036 0.984874
0.511696 3.95341 1.03888
0.480158 3.87635 0.984888
0.945619 3.66239 1.03901
0.887314 3.60444 0.984898
1.1122 3.45944 0.984905
0.52733 3.98961 0.86738
0.974367 3.69091 0.867397
0.511721 3.95339 0.984883
0.945655 3.66235 0.984899
1.23087 2.96146 0.926208
1.23082 2.96157 1.04362
1.31378 2.97744 0.931011
1.23092 2.96141 0.867502
1.15963 3.19702 0.926173
1.31376 2.97746 1.03882
1.23083 2.96151 0.984914
1.15951 3.19722 1.04365
1.3255 2.98023 0.867414
1.23679 3.22836 0.930917
1.15972 3.19693 0.867435
1.31377 2.97745 0.984916
1.23676 3.22841 1.03891
1.15956 3.19712 0.98491
1.27305 3.24388 0.86741
1.23677 3.22838 0.984912
0.696714 3.76049 1.10238
0.244632 3.94756 1.10227
1.04309 3.41436 1.1024
0.750841 3.84026 1.10239
0.263663 4.04206 1.10237
0.479966 3.87649 1.10235
0.887036 3.60473 1.10239
1.1237 3.46739 1.10241
0.527323 3.98962 1.10238
0.97436 3.69091 1.1024
1.23082 2.96163 1.10233
1.32549 2.98023 1.10242
1.15949 3.19734 1.10238
1.27305 3.24388 1.10241
1.43242 2.71658 0.945842
1.77236 2.71658 0.965524
1.27961 2.71658 0.926253
1.43242 2.71658 1.024
1.77236 2.71658 1.00434
1.27961 2.71658 1.04358
1.43243 2.71658 0.906762
1.54465 2.71658 0.960599
1.77236 2.71658 0.946114
1.36698 2.71658 0.931109
1.27962 2.71658 0.867587
1.43242 2.71658 0.984923
1.54465 2.71658 1.00925
1.77236 2.71658 0.984933
1.36698 2.71658 1.03873
1.27961 2.71658 0.984918
1.54465 2.71658 0.936272
1.37794 2.71658 0.867419
1.54465 2.71658 0.984926
1.36698 2.71658 0.984921
1.43242 2.71658 1.06308
1.77236 2.71658 1.02375
1.27961 2.71658 1.10225
1.54465 2.71658 1.03358
1.37793 2.71658 1.10242
2.34326 2.71658 0.96554
2.34326 2.71658 1.00436
2.05781 2.71658 0.965532
2.34326 2.71658 0.946132
2.34326 2.71658 0.984948
2.05781 2.71658 1.00435
2.05781 2.71658 0.946123
2.05781 2.71658 0.984941
2.34326 2.71658 1.02376
2.05781 2.71658 1.02376
2.76062 2.71658 0.955255
2.76064 2.71658 1.01464
2.59033 2.71658 0.962972
2.76068 2.71658 0.925555
2.59033 2.71658 1.00693
2.7606 2.71658 0.984953
2.59034 2.71658 0.940992
2.59032 2.71658 0.984952
2.76072 2.71658 1.04433
2.59035 2.71658 1.02891
3.02104 2.71658 0.925751
3.02109 2.71658 1.0442
2.89168 2.71658 0.942734
3.02108 2.71657 0.866523
3.02103 2.71658 0.984976
2.89172 2.71658 1.02718
2.89176 2.71658 0.900503
2.89165 2.71658 0.984959
3.02119 2.71658 1.10341
2.89185 2.71658 1.06939
3.34642 2.71658 0.877028
3.34647 2.71658 1.093
3.34639 2.71657 0.769024
3.16664 2.71658 0.903963
3.34644 2.71658 0.985023
3.1667 2.71658 1.06603
3.16662 2.71657 0.822925
3.16666 2.71658 0.984999
3.34649 2.71658 1.20097
3.16674 2.71658 1.14706

CELLS 496 4464
8 92 61 20 62 63 21 0 22 
8 61 93 66 20 21 68 29 0 
8 20 66 94 71 0 29 74 39 
8 62 20 71 95 22 0 39 77 
8 63 21 0 22 96 78 44 79 
8 21 68 29 0 78 97 82 44 
8 0 29 74 39 44 82 98 86 
8 22 0 39 77 79 44 86 99 
8 95 71 37 76 77 39 10 43 
8 71 94 73 37 39 74 41 10 
8 37 73 146 131 10 41 133 111 
8 76 37 131 147 43 10 111 136 
8 77 39 10 43 99 86 54 90 
8 39 74 41 10 86 98 88 54 
8 10 41 133 111 54 88 148 139 
8 43 10 111 136 90 54 139 149 
8 96 78 44 79 80 45 12 46 
8 78 97 82 44 45 84 50 12 
8 44 82 98 86 12 50 89 56 
8 79 44 86 99 46 12 56 91 
8 80 45 12 46 186 172 156 173 
8 45 84 50 12 172 187 176 156 
8 12 50 89 56 156 176 188 180 
8 46 12 56 91 173 156 180 189 
8 99 86 54 90 91 56 16 59 
8 86 98 88 54 56 89 58 16 
8 54 88 148 139 16 58 141 122 
8 90 54 139 149 59 16 122 143 
8 91 56 16 59 189 180 166 184 
8 56 89 58 16 180 188 182 166 
8 16 58 141 122 166 182 208 201 
8 59 16 122 143 184 166 201 209 
8 93 67 28 66 68 30 5 29 
8 67 231 220 28 30 221 211 5 
8 28 220 232 72 5 211 225 40 
8 66 28 72 94 29 5 40 74 
8 68 30 5 29 97 83 49 82 
8 30 221 211 5 83 233 226 49 
8 5 211 225 40 49 226 234 87 
8 29 5 40 74 82 49 87 98 
8 94 72 38 73 74 40 11 41 
8 72 232 224 38 40 225 215 11 
8 38 224 253 132 11 215 247 112 
8 73 38 132 146 41 11 112 133 
8 74 40 11 41 98 87 55 88 
8 40 225 215 11 87 234 229 55 
8 11 215 247 112 55 229 254 140 
8 41 11 112 133 88 55 140 148 
8 97 83 49 82 84 51 14 50 
8 83 233 226 49 51 227 216 14 
8 49 226 234 87 14 216 230 57 
8 82 49 87 98 50 14 57 89 
8 84 51 14 50 187 177 161 176 
8 51 227 216 14 177 263 258 161 
8 14 216 230 57 161 258 264 181 
8 50 14 57 89 176 161 181 188 
8 98 87 55 88 89 57 17 58 
8 87 234 229 55 57 230 218 17 
8 55 229 254 140 17 218 250 123 
8 88 55 140 148 58 17 123 141 
8 89 57 17 58 188 181 167 182 
8 57 230 218 17 181 264 261 167 
8 17 218 250 123 167 261 272 202 
8 58 17 123 141 182 167 202 208 
8 189 180 166 184 185 168 154 171 
8 180 188 182 166 168 183 170 154 
8 166 182 208 201 154 170 203 193 
8 184 166 201 209 171 154 193 205 
8 185 168 154 171 313 298 281 300 
8 168 183 170 154 298 314 304 281 
8 154 170 203 193 281 304 315 306 
8 171 154 193 205 300 281 306 316 
8 188 181 167 182 183 169 155 170 
8 181 264 261 167 169 262 257 155 
8 167 261 272 202 155 257 269 194 
8 182 167 202 208 170 155 194 203 
8 183 169 155 170 314 303 286 304 
8 169 262 257 155 303 329 324 286 
8 155 257 269 194 286 324 330 307 
8 170 155 194 203 304 286 307 315 
8 186 172 156 173 174 157 150 158 
8 172 187 176 156 157 178 162 150 
8 156 176 188 180 150 162 183 168 
8 173 156 180 189 158 150 168 185 
8 174 157 150 158 353 347 280 299 
8 157 178 162 150 347 354 302 280 
8 150 162 183 168 280 302 314 298 
8 158 150 168 185 299 280 298 313 
8 187 177 161 176 178 163 152 162 
8 177 263 258 161 163 259 255 152 
8 161 258 264 181 152 255 262 169 
8 176 161 181 188 162 152 169 183 
8 178 163 152 162 354 351 285 302 
8 163 259 255 152 351 360 323 285 
8 152 255 262 169 285 323 329 303 
8 162 152 169 183 302 285 303 314 
8 354 352 164 178 351 344 153 163 
8 352 397 387 164 344 386 374 153 
8 164 387 398 179 153 374 391 165 
8 178 164 179 187 163 153 165 177 
8 351 344 153 163 360 359 256 259 
8 344 386 374 153 359 399 394 256 
8 153 374 391 165 256 394 400 260 
8 163 153 165 177 259 256 260 263 
8 353 348 159 174 347 339 151 157 
8 348 409 406 159 339 383 372 151 
8 159 406 410 175 151 372 388 160 
8 174 159 175 186 157 151 160 172 
8 347 339 151 157 354 352 164 178 
8 339 383 372 151 352 397 387 164 
8 151 372 388 160 164 387 398 179 
8 157 151 160 172 178 164 179 187 
8 187 179 52 84 177 165 15 51 
8 179 398 390 52 165 391 379 15 
8 52 390 425 85 15 379 421 53 
8 84 52 85 97 51 15 53 83 
8 177 165 15 51 263 260 217 227 
8 165 391 379 15 260 400 396 217 
8 15 379 421 53 217 396 426 228 
8 51 15 53 83 227 217 228 233 
8 186 175 47 80 172 160 13 45 
8 175 410 408 47 160 388 376 13 
8 47 408 430 81 13 376 419 48 
8 80 47 81 96 45 13 48 78 
8 172 160 13 45 187 179 52 84 
8 160 388 376 13 179 398 390 52 
8 13 376 419 48 52 390 425 85 
8 45 13 48 78 84 52 85 97 
8 96 81 23 63 78 48 2 21 
8 81 430 429 23 48 419 415 2 
8 23 429 445 64 2 415 439 24 
8 63 23 64 92 21 2 24 61 
8 78 48 2 21 97 85 31 68 
8 48 419 415 2 85 425 422 31 
8 2 415 439 24 31 422 446 69 
8 21 2 24 61 68 31 69 93 
8 97 85 31 68 83 53 6 30 
8 85 425 422 31 53 421 417 6 
8 31 422 446 69 6 417 444 33 
8 68 31 69 93 30 6 33 67 
8 83 53 6 30 233 228 212 221 
8 53 421 417 6 228 426 424 212 
8 6 417 444 33 212 424 450 222 
8 30 6 33 67 221 212 222 231 
8 487 475 461 476 60 18 1 19 
8 475 488 480 461 18 65 26 1 
8 461 480 489 482 1 26 70 34 
8 476 461 482 490 19 1 34 75 
8 60 18 1 19 92 61 20 62 
8 18 65 26 1 61 93 66 20 
8 1 26 70 34 20 66 94 71 
8 19 1 34 75 62 20 71 95 
8 92 64 25 60 61 24 3 18 
8 64 445 441 25 24 439 434 3 
8 25 441 505 473 3 434 500 458 
8 60 25 473 487 18 3 458 475 
8 61 24 3 18 93 69 32 65 
8 24 439 434 3 69 446 443 32 
8 3 434 500 458 32 443 506 477 
8 18 3 458 475 65 32 477 488 
8 488 479 466 480 65 27 4 26 
8 479 515 512 466 27 219 210 4 
8 466 512 516 483 4 210 223 35 
8 480 466 483 489 26 4 35 70 
8 65 27 4 26 93 67 28 66 
8 27 219 210 4 67 231 220 28 
8 4 210 223 35 28 220 232 72 
8 26 4 35 70 66 28 72 94 
8 93 69 32 65 67 33 7 27 
8 69 446 443 32 33 444 438 7 
8 32 443 506 477 7 438 504 463 
8 65 32 477 488 27 7 463 479 
8 67 33 7 27 231 222 213 219 
8 33 444 438 7 222 450 449 213 
8 7 438 504 463 213 449 520 510 
8 27 7 463 479 219 213 510 515 
8 490 482 470 486 75 34 8 42 
8 482 489 484 470 34 70 36 8 
8 470 484 535 530 8 36 130 109 
8 486 470 530 536 42 8 109 135 
8 75 34 8 42 95 71 37 76 
8 34 70 36 8 71 94 73 37 
8 8 36 130 109 37 73 146 131 
8 42 8 109 135 76 37 131 147 
8 489 483 471 484 70 35 9 36 
8 483 516 514 471 35 223 214 9 
8 471 514 540 531 9 214 246 110 
8 484 471 531 535 36 9 110 130 
8 70 35 9 36 94 72 38 73 
8 35 223 214 9 72 232 224 38 
8 9 214 246 110 38 224 253 132 
8 36 9 110 130 73 38 132 146 
8 149 136 119 145 139 111 100 124 
8 136 147 138 119 111 131 113 100 
8 119 138 582 567 100 113 570 552 
8 145 119 567 583 124 100 552 573 
8 139 111 100 124 148 133 114 142 
8 111 131 113 100 133 146 134 114 
8 100 113 570 552 114 134 584 575 
8 124 100 552 573 142 114 575 585 
8 147 135 121 138 131 109 101 113 
8 135 536 534 121 109 530 526 101 
8 121 534 600 569 101 526 595 554 
8 138 121 569 582 113 101 554 570 
8 131 109 101 113 146 130 115 134 
8 109 530 526 101 130 535 532 115 
8 101 526 595 554 115 532 601 577 
8 113 101 554 570 134 115 577 584 
8 148 133 114 142 140 112 102 126 
8 133 146 134 114 112 132 116 102 
8 114 134 584 575 102 116 578 561 
8 142 114 575 585 126 102 561 580 
8 140 112 102 126 254 247 242 251 
8 112 132 116 102 247 253 249 242 
8 102 116 578 561 242 249 618 613 
8 126 102 561 580 251 242 613 619 
8 146 130 115 134 132 110 103 116 
8 130 535 532 115 110 531 527 103 
8 115 532 601 577 103 527 598 563 
8 134 115 577 584 116 103 563 578 
8 132 110 103 116 253 246 240 249 
8 110 531 527 103 246 540 539 240 
8 103 527 598 563 240 539 623 612 
8 116 103 563 578 249 240 612 618 
8 658 647 633 646 144 117 104 128 
8 647 659 649 633 117 137 118 104 
8 633 649 660 652 104 118 566 547 
8 646 633 652 661 128 104 547 571 
8 144 117 104 128 149 136 119 145 
8 117 137 118 104 136 147 138 119 
8 104 118 566 547 119 138 582 567 
8 128 104 547 571 145 119 567 583 
8 659 650 636 649 137 120 105 118 
8 650 680 676 636 120 533 528 105 
8 636 676 681 654 105 528 594 550 
8 649 636 654 660 118 105 550 566 
8 137 120 105 118 147 135 121 138 
8 120 533 528 105 135 536 534 121 
8 105 528 594 550 121 534 600 569 
8 118 105 550 566 138 121 569 582 
8 690 207 129 572 687 195 106 556 
8 207 209 143 129 195 201 122 106 
8 129 143 149 145 106 122 139 124 
8 572 129 145 583 556 106 124 573 
8 687 195 106 556 691 204 125 579 
8 195 201 122 106 204 208 141 125 
8 106 122 139 124 125 141 148 142 
8 556 106 124 573 579 125 142 585 
8 691 204 125 579 689 197 107 564 
8 204 208 141 125 197 202 123 107 
8 125 141 148 142 107 123 140 126 
8 579 125 142 585 564 107 126 580 
8 689 197 107 564 695 270 243 615 
8 197 202 123 107 270 272 250 243 
8 107 123 140 126 243 250 254 251 
8 564 107 126 580 615 243 251 619 
8 706 702 631 656 685 199 108 555 
8 702 707 645 631 199 206 127 108 
8 631 645 658 646 108 127 144 128 
8 656 631 646 661 555 108 128 571 
8 685 199 108 555 690 207 129 572 
8 199 206 127 108 207 209 143 129 
8 108 127 144 128 129 143 149 145 
8 555 108 128 571 572 129 145 583 
8 716 312 200 686 713 292 190 683 
8 312 316 205 200 292 306 193 190 
8 200 205 209 207 190 193 201 195 
8 686 200 207 690 683 190 195 687 
8 713 292 190 683 717 309 196 688 
8 292 306 193 190 309 315 203 196 
8 190 193 201 195 196 203 208 204 
8 683 190 195 687 688 196 204 691 
8 717 309 196 688 715 294 191 684 
8 309 315 203 196 294 307 194 191 
8 196 203 208 204 191 194 202 197 
8 688 196 204 691 684 191 197 689 
8 715 294 191 684 721 327 266 693 
8 294 307 194 191 327 330 269 266 
8 191 194 202 197 266 269 272 270 
8 684 191 197 689 693 266 270 695 
8 732 728 699 703 711 296 192 682 
8 728 733 705 699 296 311 198 192 
8 699 705 707 702 192 198 206 199 
8 703 699 702 706 682 192 199 685 
8 711 296 192 682 716 312 200 686 
8 296 311 198 192 312 316 205 200 
8 192 198 206 199 200 205 209 207 
8 682 192 199 685 686 200 207 690 
8 774 763 747 762 538 238 235 537 
8 763 775 765 747 238 248 239 235 
8 747 765 776 768 235 239 611 604 
8 762 747 768 777 537 235 604 621 
8 538 238 235 537 540 246 240 539 
8 238 248 239 235 246 253 249 240 
8 235 239 611 604 240 249 618 612 
8 537 235 604 621 539 240 612 623 
8 775 766 750 765 248 241 236 239 
8 766 790 785 750 241 252 245 236 
8 750 785 791 769 236 245 616 605 
8 765 750 769 776 239 236 605 611 
8 248 241 236 239 253 247 242 249 
8 241 252 245 236 247 254 251 242 
8 236 245 616 605 242 251 619 613 
8 239 236 605 611 249 242 613 618 
8 695 270 243 615 694 268 237 609 
8 270 272 250 243 268 271 244 237 
8 243 250 254 251 237 244 252 245 
8 615 243 251 619 609 237 245 616 
8 694 268 237 609 802 797 779 787 
8 268 271 244 237 797 803 784 779 
8 237 244 252 245 779 784 790 785 
8 609 237 245 616 787 779 785 791 
8 721 327 266 693 720 322 265 692 
8 327 330 269 266 322 328 267 265 
8 266 269 272 270 265 267 271 268 
8 693 266 270 695 692 265 268 694 
8 720 322 265 692 814 809 793 798 
8 322 328 267 265 809 815 800 793 
8 265 267 271 268 793 800 803 797 
8 692 265 268 694 798 793 797 802 
8 353 347 280 299 345 336 273 283 
8 347 354 302 280 336 349 287 273 
8 280 302 314 298 273 287 305 282 
8 299 280 298 313 283 273 282 301 
8 345 336 273 283 852 839 825 841 
8 336 349 287 273 839 853 845 825 
8 273 287 305 282 825 845 854 846 
8 283 273 282 301 841 825 846 855 
8 313 298 281 300 301 282 274 284 
8 298 314 304 281 282 305 289 274 
8 281 304 315 306 274 289 308 290 
8 300 281 306 316 284 274 290 310 
8 301 282 274 284 855 846 832 850 
8 282 305 289 274 846 854 848 832 
8 274 289 308 290 832 848 874 867 
8 284 274 290 310 850 832 867 875 
8 354 351 285 302 349 341 275 287 
8 351 360 323 285 341 357 318 275 
8 285 323 329 303 275 318 325 288 
8 302 285 303 314 287 275 288 305 
8 349 341 275 287 853 844 830 845 
8 341 357 318 275 844 884 881 830 
8 275 318 325 288 830 881 885 847 
8 287 275 288 305 845 830 847 854 
8 314 303 286 304 305 288 276 289 
8 303 329 324 286 288 325 319 276 
8 286 324 330 307 276 319 326 291 
8 304 286 307 315 289 276 291 308 
8 305 288 276 289 854 847 833 848 
8 288 325 319 276 847 885 882 833 
8 276 319 326 291 833 882 893 868 
8 289 276 291 308 848 833 868 874 
8 902 873 297 712 899 861 277 709 
8 873 875 310 297 861 867 290 277 
8 297 310 316 312 277 290 306 292 
8 712 297 312 716 709 277 292 713 
8 899 861 277 709 903 870 293 714 
8 861 867 290 277 870 874 308 293 
8 277 290 306 292 293 308 315 309 
8 709 277 292 713 714 293 309 717 
8 903 870 293 714 901 863 278 710 
8 870 874 308 293 863 868 291 278 
8 293 308 315 309 278 291 307 294 
8 714 293 309 717 710 278 294 715 
8 901 863 278 710 907 891 320 719 
8 863 868 291 278 891 893 326 320 
8 278 291 307 294 320 326 330 327 
8 710 278 294 715 719 320 327 721 
8 918 914 725 729 897 865 279 708 
8 914 919 731 725 865 872 295 279 
8 725 731 733 728 279 295 311 296 
8 729 725 728 732 708 279 296 711 
8 897 865 279 708 902 873 297 712 
8 865 872 295 279 873 875 310 297 
8 279 295 311 296 297 310 316 312 
8 708 279 296 711 712 297 312 716 
8 907 891 320 719 906 889 317 718 
8 891 893 326 320 889 892 321 317 
