# vtk DataFile Version 2.0
Square plate test
ASCII
DATASET UNSTRUCTURED_GRID
POINTS 1089 float
2.02907 4.15315 1.02132
2.39834 3.805 0.995334
2.39834 3.80504 1.01606
2.39556 4.12885 1.02279
2.39556 4.12827 0.99822
2.03609 3.83331 0.994734
2.03608 3.83344 1.01432
2.02908 4.15247 0.997737
2.39577 4.45871 1.04952
2.0291 4.47647 1.04913
2.39576 4.45766 1.00966
2.0291 4.47533 1.00965
1.64147 3.86432 0.994977
1.64147 3.86456 1.01506
1.62937 4.17657 1.02188
1.62936 4.17581 0.997925
1.62935 4.49052 1.04948
1.62933 4.48934 1.00978
2.39834 3.80503 1.0057
2.39623 3.96374 0.996063
2.22537 3.81854 0.994853
2.39622 3.96404 1.01776
2.22536 3.81862 1.01465
2.39556 4.12871 1.01051
2.22063 4.14117 1.0216
2.22064 4.14054 0.997829
2.03608 3.83341 1.00453
2.03083 3.99045 0.995492
2.03082 3.99085 1.01608
2.02907 4.15298 1.00953
2.39834 3.80504 1.02642
2.39556 4.12885 1.03508
2.03608 3.83344 1.02411
2.02907 4.15315 1.03311
2.39565 4.29517 1.03283
2.02908 4.31635 1.03175
2.39577 4.45871 1.06946
2.22072 4.46847 1.04917
2.0291 4.47647 1.06887
2.39565 4.29432 1.00252
2.02908 4.31541 1.00221
2.39577 4.45845 1.02959
2.22071 4.46737 1.00963
2.0291 4.47618 1.02939
1.83871 3.84875 0.994826
1.83871 3.84894 1.0146
1.82921 4.1649 1.02154
1.82921 4.16418 0.997812
1.64147 3.8645 1.00502
1.63239 4.01805 0.995711
1.6324 4.01854 1.01674
1.62937 4.17638 1.0099
1.64147 3.86456 1.0251
1.62937 4.17657 1.03385
1.82922 4.48354 1.04928
1.62936 4.33508 1.0322
1.62935 4.49052 1.06932
1.8292 4.48238 1.00971
1.62935 4.33408 1.00237
1.62934 4.49022 1.02963
2.39622 3.96397 1.00691
2.22537 3.8186 1.00475
2.22181 3.97686 0.995605
2.2218 3.97721 1.01641
2.22063 4.14101 1.00971
2.03082 3.99075 1.00579
2.39622 3.96404 1.0286
2.22536 3.81862 1.02455
2.22063 4.14117 1.03348
2.03082 3.99085 1.02638
2.39565 4.29517 1.04798
2.22066 4.30632 1.03195
2.02908 4.31635 1.04653
2.22072 4.46847 1.06893
2.39565 4.29496 1.01767
2.22067 4.30542 1.00226
2.02908 4.31611 1.01698
2.22072 4.46819 1.0294
1.83871 3.84889 1.00471
1.83159 4.00426 0.995577
1.83159 4.0047 1.01634
1.82921 4.16472 1.00968
1.6324 4.01841 1.00623
1.83871 3.84894 1.02449
1.82921 4.1649 1.03341
1.6324 4.01854 1.02726
1.82922 4.32577 1.03194
1.82922 4.48354 1.06906
1.62936 4.33508 1.04712
1.82921 4.3248 1.00227
1.82921 4.48325 1.02949
1.62936 4.33483 1.01729
2.2218 3.97712 1.00601
2.2218 3.97721 1.02681
2.22066 4.30632 1.04679
2.22067 4.3061 1.0171
1.83159 4.00459 1.00596
1.83159 4.0047 1.02672
1.82922 4.32577 1.04677
1.82921 4.32552 1.01711
2.66242 3.78383 0.997994
2.66245 3.78381 1.02387
2.66226 4.10265 1.02949
2.66222 4.10219 1.00042
2.66306 4.43062 1.05175
2.66299 4.42971 1.00995
2.66244 3.78381 1.01093
2.66214 3.9399 0.998612
2.54677 3.79324 0.99633
2.66218 3.94011 1.0253
2.54677 3.79325 1.01898
2.66225 4.10253 1.01495
2.54555 4.11605 1.02529
2.54553 4.11553 0.999039
2.66245 3.78381 1.03681
2.66226 4.10265 1.04403
2.6626 4.26747 1.03785
2.66306 4.43062 1.07264
2.54598 4.44637 1.05034
2.66254 4.26676 1.004
2.66304 4.43039 1.03085
2.54595 4.44538 1.00976
2.66217 3.94006 1.01195
2.54677 3.79325 1.00766
2.54577 3.95134 0.997016
2.54578 3.95159 1.02057
2.54554 4.11592 1.01216
2.66218 3.94011 1.03864
2.54677 3.79325 1.03031
2.54555 4.11605 1.03841
2.6626 4.26747 1.05477
2.54573 4.28239 1.03469
2.54598 4.44637 1.07063
2.66258 4.26729 1.02092
2.54571 4.28161 1.00306
2.54597 4.44612 1.03005
2.54578 3.95153 1.00879
2.54578 3.95159 1.03235
2.54573 4.28239 1.0505
2.54572 4.28219 1.01888
2.40979 3.52184 0.995314
2.40978 3.52158 1.01602
2.66452 3.50597 0.997955
2.66455 3.5057 1.02381
2.06416 3.54943 0.994711
2.06415 3.54924 1.01426
2.66318 3.63788 0.997972
2.6632 3.63768 1.02384
2.40263 3.65628 0.995321
2.40262 3.65612 1.01603
2.55241 3.51209 0.996306
2.40978 3.52164 1.00567
2.55241 3.51181 1.01894
2.66454 3.50576 1.01088
2.40978 3.52158 1.02637
2.66455 3.5057 1.03674
2.04661 3.68498 0.994721
2.04661 3.68491 1.01429
2.24444 3.53452 0.994833
2.06415 3.54929 1.00448
2.24444 3.53429 1.0146
2.06415 3.54924 1.02403
2.6632 3.63773 1.0109
2.54886 3.64543 0.996316
2.54887 3.64524 1.01896
2.40262 3.65616 1.00568
2.55241 3.51188 1.00762
2.6632 3.63768 1.03677
2.40262 3.65612 1.02639
2.55241 3.51181 1.03026
2.23252 3.66971 0.99484
2.23251 3.66958 1.01462
2.04661 3.68493 1.0045
2.24444 3.53435 1.00472
2.04661 3.68491 1.02407
2.24444 3.53429 1.02449
2.54887 3.64529 1.00764
2.54887 3.64524 1.03028
2.23252 3.66961 1.00473
2.23251 3.66958 1.02451
1.68987 3.58312 0.994956
1.68987 3.58304 1.01502
1.65962 3.71817 0.994974
1.65962 3.71821 1.01506
1.87671 3.56586 0.994802
1.68987 3.58306 1.00499
1.8767 3.56573 1.01454
1.68987 3.58304 1.02504
1.85296 3.70138 0.994816
1.85296 3.70136 1.01458
1.65962 3.7182 1.00502
1.8767 3.56576 1.00467
1.65962 3.71821 1.02511
1.8767 3.56573 1.02441
1.85296 3.70136 1.0047
1.85296 3.70136 1.02446
2.03616 3.83187 0.955572
2.39839 3.80459 0.953886
2.06423 3.55147 0.955617
2.40983 3.52474 0.95391
2.39836 3.80485 0.97461
2.03611 3.83278 0.975153
2.06418 3.55017 0.975164
2.4098 3.5229 0.974612
2.39557 4.12594 0.973649
2.39559 4.12187 0.949078
2.02909 4.14977 0.974157
2.02911 4.14504 0.950578
1.64147 3.86174 0.954815
1.6899 3.58402 0.954837
1.64147 3.86338 0.974896
1.68988 3.58345 0.974897
1.62933 4.17278 0.973973
1.62927 4.16748 0.950022
2.40268 3.65808 0.953899
2.39841 3.80444 0.943524
2.22546 3.81764 0.955254
2.04669 3.68581 0.955592
2.03619 3.83134 0.945781
2.06425 3.55221 0.945844
2.24452 3.53705 0.955291
2.40985 3.5258 0.943559
2.39838 3.80473 0.964248
2.40264 3.65693 0.97461
2.22541 3.81821 0.975053
2.03614 3.83236 0.965362
2.04664 3.68529 0.975157
2.0642 3.55077 0.965391
2.40982 3.52376 0.964261
2.24447 3.53544 0.975062
2.39627 3.96046 0.952677
2.39624 3.96255 0.97437
2.39558 4.12405 0.961364
2.22066 4.13801 0.974059
2.2207 4.13359 0.950289
2.03089 3.98611 0.954314
2.03085 3.98887 0.974903
2.0291 4.14757 0.962368
2.3956 4.11954 0.936793
2.02912 4.14233 0.938788
1.83874 3.84674 0.955279
1.65964 3.71782 0.954794
1.64147 3.8608 0.944775
1.68991 3.58435 0.944808
1.87675 3.56734 0.955322
1.83872 3.84802 0.975053
1.64147 3.86262 0.964856
1.65963 3.71804 0.974884
1.68989 3.58372 0.964867
1.87672 3.5664 0.975062
1.8292 4.16132 0.974082
1.82917 4.1563 0.950353
1.63235 4.01266 0.953644
1.63238 4.01609 0.974677
1.6293 4.17032 0.961997
1.62923 4.16445 0.938046
2.40269 3.65873 0.943543
2.23261 3.67107 0.955274
2.2255 3.81731 0.945354
2.04672 3.68612 0.94581
2.24455 3.53798 0.945406
2.40266 3.65746 0.964255
2.22543 3.81795 0.965154
2.23255 3.6702 0.975057
2.04666 3.68553 0.965374
2.24449 3.53619 0.965177
2.39625 3.96158 0.963524
2.22189 3.97305 0.954002
2.22184 3.97548 0.974804
2.22068 4.13596 0.962174
2.03087 3.98759 0.964609
2.39629 3.95926 0.941831
2.22073 4.13107 0.938404
2.03091 3.98453 0.94402
1.85301 3.70162 0.955287
1.83876 3.84601 0.945392
1.65965 3.71769 0.944749
1.87677 3.56787 0.945451
1.83873 3.84743 0.965166
1.85298 3.70147 0.975052
1.65964 3.71794 0.964839
1.87674 3.56683 0.965192
1.83159 3.9994 0.954049
1.83159 4.00249 0.974813
1.82919 4.15899 0.962218
1.63237 4.0145 0.964161
1.82916 4.15343 0.938488
1.63233 4.0107 0.943127
2.23264 3.67157 0.945382
2.23258 3.67061 0.965165
2.22186 3.97435 0.964403
2.22192 3.97166 0.943602
1.85302 3.70171 0.945405
1.85299 3.70154 0.96517
1.83159 4.00105 0.964431
1.83159 3.99763 0.943668
2.39568 4.44604 0.929932
2.39573 4.45343 0.969796
2.02904 4.46288 0.930701
2.02908 4.47081 0.970177
1.6291 4.47634 0.930396
1.62925 4.48461 0.970089
2.39564 4.29093 0.972205
2.39563 4.285 0.941894
2.02908 4.31167 0.972665
2.02908 4.30513 0.943121
2.39571 4.45 0.949864
2.22069 4.45526 0.930559
2.22071 4.46297 0.970095
2.02906 4.46713 0.950439
2.39565 4.44181 0.91
2.02901 4.45835 0.910963
1.82906 4.46965 0.930574
1.82915 4.47775 0.970142
1.62919 4.32308 0.942691
1.62918 4.48077 0.950242
1.62929 4.33008 0.972529
1.62902 4.47162 0.910549
2.39564 4.28818 0.95705
2.22068 4.30184 0.972572
2.2207 4.29557 0.942884
2.02908 4.30864 0.957893
2.2207 4.45939 0.950327
2.39562 4.28161 0.926739
2.02907 4.30139 0.928349
2.22068 4.45086 0.910791
1.82918 4.32092 0.972609
1.82912 4.31415 0.942943
1.82911 4.47399 0.950358
1.62925 4.32683 0.95761
1.82901 4.46503 0.91079
1.62914 4.31908 0.927772
2.22069 4.29893 0.957728
2.22071 4.29198 0.928041
1.82915 4.31778 0.957776
1.82909 4.31028 0.92811
2.6621 3.78408 0.946239
2.66177 4.09716 0.942262
2.66231 3.78392 0.972117
2.66206 4.10036 0.971339
2.66227 4.41972 0.926353
2.66273 4.42608 0.968151
2.66177 3.93765 0.945244
2.66199 3.78417 0.9333
2.54669 3.79323 0.951028
2.6616 4.09533 0.927723
2.5454 4.10976 0.946538
2.66221 3.78399 0.959178
2.66201 3.93909 0.971928
2.54674 3.79324 0.973679
2.66192 4.09888 0.9568
2.54548 4.11343 0.972789
2.66234 4.26395 0.970147
2.66198 4.25904 0.936296
2.66252 4.42313 0.947252
2.54566 4.43444 0.928602
2.54584 4.4414 0.969181
2.66201 4.41609 0.905455
2.66163 3.93683 0.931902
2.54568 3.94858 0.949903
2.54667 3.79322 0.939702
2.54535 4.10766 0.933413
2.66189 3.93842 0.958586
2.54672 3.79323 0.962353
2.54574 3.95034 0.97346
2.54544 4.11172 0.959663
2.66217 4.26167 0.953222
2.54564 4.27847 0.971438
2.54551 4.27298 0.939812
2.54576 4.43817 0.948892
2.66177 4.25623 0.919371
2.54555 4.43047 0.908313
2.54564 3.94757 0.938125
2.54571 3.94952 0.961682
2.54558 4.27592 0.955625
2.54544 4.26984 0.923998
2.66429 3.509 0.946246
2.66444 3.50707 0.9721
2.6629 3.64001 0.946241
2.55235 3.51518 0.951039
2.6642 3.5101 0.933319
2.66308 3.63865 0.972107
2.55239 3.51321 0.973672
2.66437 3.50796 0.959173
2.6628 3.64078 0.933309
2.5488 3.64749 0.951033
2.55234 3.5163 0.939723
2.663 3.63928 0.959174
2.54884 3.64618 0.973674
2.55237 3.51413 0.962356
2.54878 3.64825 0.939712
2.54882 3.64679 0.962353
2.66238 3.78386 0.985055
2.39835 3.80494 0.984972
2.40979 3.52224 0.984963
2.66449 3.50638 0.985028
2.66216 4.1015 0.985877
2.39557 4.1274 0.985935
2.0361 3.83311 0.984944
2.06417 3.5497 0.984938
2.02908 4.15146 0.985947
2.66314 3.63817 0.985039
2.54676 3.79324 0.985005
2.40263 3.65653 0.984966
2.5524 3.51251 0.984989
2.66209 3.9396 0.98527
2.54552 4.11474 0.985914
2.39623 3.9633 0.985217
2.22539 3.81841 0.984953
2.04662 3.6851 0.984939
2.24445 3.53487 0.984947
2.22064 4.13959 0.985944
2.03083 3.98986 0.985198
2.54886 3.64571 0.984995
2.54576 3.95097 0.985238
2.23253 3.66989 0.984948
2.22182 3.97634 0.985204
2.66289 4.42835 0.989049
2.39575 4.45607 0.989728
2.02909 4.47364 0.989915
2.66247 4.26571 0.987072
2.54591 4.44389 0.98947
2.39564 4.29305 0.98736
2.02908 4.31401 0.987437
2.22071 4.46572 0.989862
2.54568 4.28043 0.987251
2.22067 4.30408 0.987416
1.64147 3.86397 0.984936
1.68988 3.58324 0.984926
1.62935 4.17467 0.985949
1.83872 3.84848 0.98494
1.65963 3.71812 0.984929
1.87671 3.56606 0.984932
1.82921 4.16311 0.985947
1.63239 4.01731 0.985194
1.85297 3.70141 0.984934
1.83159 4.0036 0.985195
1.6293 4.48756 0.989936
1.82918 4.48065 0.989926
1.62933 4.33258 0.987448
1.8292 4.32335 0.987442
2.66691 4.72701 1.09701
2.40074 4.75369 1.10256
2.66477 4.73407 1.02507
2.40131 4.76196 1.02758
2.03952 4.76488 1.10406
2.04196 4.77344 1.02827
2.66428 4.58587 1.0714
2.66896 4.71848 1.1374
2.54967 4.74292 1.10046
2.39708 4.61353 1.0728
2.40015 4.74411 1.14503
2.66369 4.58686 1.01729
2.66535 4.73304 1.05883
2.54902 4.75074 1.02663
2.39722 4.61472 1.01842
2.40118 4.76055 1.06258
2.22804 4.76059 1.10364
2.03172 4.62786 1.07328
2.03705 4.75504 1.14707
2.22962 4.76908 1.02808
2.03232 4.62907 1.01877
2.04136 4.77194 1.0636
2.66479 4.58374 1.09955
2.54705 4.60191 1.07225
2.55028 4.73373 1.14215
2.39694 4.61114 1.10123
2.66388 4.58719 1.04379
2.54686 4.60303 1.01799
2.5492 4.74947 1.06116
2.39719 4.61503 1.04499
2.22258 4.62182 1.07311
2.22645 4.75081 1.14651
2.0311 4.6254 1.10182
2.22297 4.62303 1.01866
2.22923 4.7676 1.06332
2.03218 4.62939 1.04539
2.5472 4.59961 1.10058
2.54692 4.60334 1.04453
2.22218 4.61938 1.10161
2.22287 4.62335 1.04525
1.64671 4.77074 1.10423
1.65067 4.77928 1.02836
1.84309 4.76784 1.10414
1.63368 4.63752 1.07354
1.64272 4.7609 1.1473
1.84631 4.77639 1.02832
1.63465 4.63869 1.01888
1.6497 4.77779 1.06373
1.83269 4.63273 1.0734
1.83985 4.758 1.14717
1.63268 4.63506 1.10215
1.83348 4.63392 1.01882
1.84552 4.7749 1.06366
1.63442 4.63904 1.04557
1.83188 4.63027 1.10196
1.83329 4.63426 1.04547
2.66442 4.72957 0.961964
2.40123 4.75701 0.962566
2.0419 4.76831 0.962738
2.66338 4.58264 0.965405
2.66464 4.73221 0.993514
2.54885 4.74597 0.962335
2.39716 4.60995 0.966543
2.40128 4.76007 0.995073
2.22958 4.76402 0.96269
2.03228 4.62406 0.966824
2.04194 4.77152 0.995505
2.66357 4.58524 0.99135
2.54671 4.59849 0.966114
2.54896 4.74887 0.994481
2.39719 4.61292 0.992483
2.22294 4.61812 0.966757
2.22961 4.76717 0.995384
2.03231 4.62719 0.992798
2.5468 4.6013 0.992052
2.22296 4.62119 0.99271
1.65056 4.77407 0.962733
1.84623 4.77122 0.962742
1.63455 4.63355 0.966782
1.65063 4.77732 0.995546
1.83341 4.62884 0.96681
1.84628 4.77445 0.995529
1.63461 4.63676 0.992831
1.83345 4.63202 0.992816
1.25976 3.90299 0.974155
1.25978 3.90424 0.995691
1.34029 3.61829 0.996296
1.34029 3.6183 0.973532
1.25823 3.90366 1.01723
1.33873 3.6174 1.01906
1.24873 4.20925 1.02252
1.24871 4.20843 0.998131
1.24865 4.20514 0.973746
1.44745 3.881 0.974618
1.28522 3.75675 0.973763
1.26056 3.90422 0.984923
1.44746 3.88212 0.995245
1.28522 3.75719 0.996069
1.34107 3.61874 0.984914
1.50921 3.60075 0.995384
1.50922 3.60089 0.974457
1.44708 3.88218 1.01587
1.25862 3.90381 1.00646
1.28289 3.75596 1.01837
1.33912 3.61762 1.00768
1.50882 3.60049 1.01631
1.43429 4.19055 1.02223
1.43428 4.18975 0.998042
1.2517 4.05586 0.996075
1.25132 4.0562 1.01786
1.24872 4.20905 1.01032
1.43423 4.18658 0.973853
1.25166 4.05359 0.974288
1.24869 4.20719 0.985938
1.46943 3.73611 0.974505
1.44765 3.88181 0.984932
1.28639 3.7577 0.984916
1.46943 3.73642 0.995343
1.50941 3.60092 0.98492
1.44717 3.88216 1.00556
1.46885 3.73617 1.01618
1.28347 3.75627 1.00722
1.50892 3.60056 1.00585
1.43764 4.03439 0.995881
1.43755 4.03486 1.01726
1.43429 4.19035 1.01014
1.25142 4.05611 1.00697
1.43761 4.03226 0.974501
1.43426 4.18856 0.985948
1.25188 4.05512 0.985181
1.46973 3.73647 0.984924
1.46899 3.73623 1.00576
1.43757 4.03474 1.00657
1.43767 4.03362 0.985191
1.25823 3.90366 1.028
1.33873 3.6174 1.03044
1.24873 4.20925 1.03471
1.44708 3.88218 1.02619
1.28289 3.75596 1.02953
1.50882 3.60049 1.02677
1.43429 4.19055 1.03433
1.25132 4.0562 1.02875
1.46885 3.73617 1.0266
1.43755 4.03486 1.02795
1.24799 4.5099 1.04981
1.24796 4.50868 1.00989
1.43407 4.49883 1.04967
1.24832 4.36107 1.03267
1.24799 4.5099 1.06976
1.43405 4.49762 1.00985
1.2483 4.36002 1.00252
1.24798 4.5096 1.02985
1.43418 4.34621 1.03247
1.43407 4.49883 1.06958
1.24832 4.36107 1.04775
1.43416 4.34518 1.00246
1.43407 4.49853 1.02976
1.24832 4.36081 1.01759
1.43418 4.34621 1.04748
1.43418 4.34595 1.01746
1.24784 4.50381 0.969981
1.43395 4.49282 0.970031
1.24822 4.35581 0.972365
1.24791 4.50686 0.989938
1.43409 4.34107 0.972442
1.43401 4.49582 0.989942
1.24827 4.35844 0.987441
1.43413 4.34364 0.987449
1.27015 4.77874 1.10438
1.27528 4.78726 1.02842
1.45439 4.77417 1.10432
1.25337 4.65078 1.07377
1.26499 4.7689 1.14749
1.45901 4.7827 1.0284
1.25463 4.65193 1.01896
1.27402 4.78579 1.06384
1.4391 4.64321 1.07368
1.44975 4.76433 1.14741
1.25208 4.64832 1.10245
1.44023 4.64437 1.01893
1.45787 4.78122 1.0638
1.25433 4.6523 1.04572
1.43794 4.64075 1.10233
1.43997 4.64473 1.04566
1.27512 4.782 0.962707
1.45887 4.77746 0.962719
1.25449 4.64669 0.96672
1.27522 4.78529 0.995564
1.44011 4.63917 0.966749
1.45895 4.78074 0.995558
1.25458 4.64997 0.992841
1.44019 4.64242 0.99284
2.82735 3.77001 0.967172
2.82772 3.76983 1.00322
2.82702 3.50176 0.967133
2.8273 3.50088 1.00314
2.82782 3.76979 1.03927
2.82737 3.50067 1.03914
2.82861 4.07496 1.04312
2.82849 4.07466 1.0049
2.82798 4.07342 0.966686
2.82717 3.63001 0.967151
2.82758 3.7699 0.985196
2.75315 3.77636 0.969941
2.82749 3.62936 1.00317
2.75338 3.77621 1.0003
2.75347 3.50356 0.969915
2.82719 3.50121 0.985134
2.75365 3.50255 1.00024
2.82779 3.7698 1.02124
2.82757 3.6292 1.0392
2.75344 3.77617 1.03066
2.82735 3.50072 1.02114
2.75369 3.50229 1.03056
2.82804 3.91927 1.00366
2.82815 3.91939 1.04027
2.82858 4.07489 1.02401
2.75389 4.08887 1.03543
2.75381 4.08849 1.00237
2.8276 3.91879 0.967061
2.8283 4.07419 0.985793
2.75349 4.08695 0.969303
2.82737 3.6296 0.985163
2.75323 3.63353 0.969926
2.75329 3.77626 0.98512
2.75343 3.6328 1.00027
2.75358 3.50292 0.985077
2.82755 3.62924 1.02119
2.75343 3.77618 1.01548
2.75348 3.63261 1.03061
2.75368 3.50236 1.0154
2.82812 3.91936 1.02196
2.75351 3.92927 1.00083
2.75358 3.92943 1.03188
2.75387 4.08878 1.0189
2.82787 3.91909 0.985362
2.75323 3.92863 0.96979
2.75369 4.08791 0.985834
2.75335 3.63307 0.985097
2.75347 3.63266 1.01544
2.75356 3.92939 1.01635
2.75341 3.92903 0.985312
2.82782 3.76979 1.05729
2.82737 3.50067 1.05714
2.82861 4.07496 1.06222
2.82757 3.6292 1.05721
2.75344 3.77617 1.04584
2.75369 3.50229 1.04573
2.82815 3.91939 1.05857
2.75389 4.08887 1.05196
2.75348 3.63261 1.04578
2.75358 3.92943 1.0474
2.83017 4.39184 1.05806
2.83 4.39116 1.01133
2.82927 4.23346 1.04874
2.83017 4.39184 1.08143
2.75509 4.41219 1.05418
2.82912 4.23296 1.00733
2.83013 4.39167 1.0347
2.75497 4.41139 1.01041
2.82927 4.23346 1.06945
2.7544 4.25097 1.04247
2.75509 4.41219 1.07606
2.82923 4.23334 1.02803
2.7543 4.25036 1.00539
2.75506 4.41199 1.03229
2.7544 4.25097 1.06101
2.75437 4.25082 1.02393
2.8293 4.38843 0.964604
2.82853 4.23095 0.965912
2.82974 4.39014 0.987969
2.75451 4.40818 0.966645
2.8289 4.23221 0.986619
2.75391 4.24794 0.968312
2.7548 4.41019 0.988528
2.75416 4.24945 0.986852
2.83683 4.68282 1.0904
2.83134 4.68865 1.0218
2.83234 4.54375 1.07173
2.84212 4.67533 1.12822
2.76008 4.70672 1.09329
2.83083 4.5446 1.01635
2.83282 4.68802 1.05434
2.75629 4.71302 1.02332
2.83367 4.54187 1.1003
2.75673 4.56622 1.07097
2.76372 4.69884 1.13226
2.8313 4.5449 1.0436
2.75569 4.5671 1.01664
2.75731 4.71224 1.05631
2.75764 4.56425 1.09913
2.75601 4.56742 1.04331
2.8305 4.68498 0.960223
2.83004 4.54129 0.962722
2.83102 4.6869 0.99101
2.75571 4.70888 0.961309
2.83053 4.54327 0.989535
2.75515 4.56329 0.964309
2.75607 4.71119 0.992311
2.75549 4.5656 0.990477
2.10996 3.30352 0.994696
2.42859 3.28153 0.99531
2.10997 3.30436 0.975187
2.4286 3.28259 0.974617
2.66809 3.27132 0.972091
2.66815 3.27028 0.997929
2.10995 3.30331 1.01421
2.42858 3.28127 1.016
2.66816 3.27002 1.02377
2.08613 3.42336 0.994703
2.10996 3.30384 0.984941
2.27566 3.29135 0.994828
2.42859 3.28193 0.984964
2.41879 3.39812 0.995311
2.08615 3.42425 0.975175
2.27568 3.29232 0.975073
2.4188 3.39927 0.974615
2.56175 3.2744 0.996294
2.56173 3.27548 0.973672
2.66618 3.38576 0.972096
2.66812 3.27067 0.98501
2.66625 3.38461 0.997941
2.10996 3.30336 1.00445
2.42858 3.28134 1.00566
2.08613 3.42314 1.01423
2.27565 3.29111 1.01458
2.41878 3.39783 1.01601
2.56175 3.27413 1.01892
2.66816 3.27008 1.01085
2.66627 3.38432 1.02379
2.08614 3.4237 0.984939
2.2594 3.40955 0.994829
2.27566 3.29172 0.98495
2.41879 3.39855 0.984963
2.25942 3.41059 0.975068
2.56174 3.2748 0.984983
2.55688 3.38962 0.996299
2.55686 3.39082 0.973672
2.66622 3.38504 0.985018
2.08613 3.4232 1.00447
2.27565 3.29117 1.0047
2.41878 3.3979 1.00566
2.25939 3.40928 1.01459
2.56175 3.27419 1.0076
2.55688 3.38932 1.01893
2.66626 3.38439 1.01086
2.25941 3.40994 0.984948
2.55687 3.39007 0.984986
2.2594 3.40935 1.00471
2.55688 3.3894 1.00761
2.10995 3.30331 1.02396
2.42858 3.28127 1.02635
2.66816 3.27002 1.03668
2.08613 3.42314 1.024
2.27565 3.29111 1.02446
2.41878 3.39783 1.02636
2.56175 3.27413 1.03023
2.66627 3.38432 1.03671
2.25939 3.40928 1.02447
2.55688 3.38932 1.03024
2.82677 3.2688 0.967099
2.82697 3.26799 1.00307
2.82703 3.26779 1.03904
2.75424 3.26934 0.969894
2.82689 3.38233 0.967116
2.8269 3.26829 0.985083
2.75436 3.2684 1.00019
2.82713 3.38142 1.0031
2.82701 3.26784 1.02105
2.7544 3.26817 1.03049
2.82719 3.3812 1.03908
2.75383 3.38323 0.969904
2.75431 3.26876 0.985044
2.82704 3.38176 0.985108
2.75398 3.38217 1.00021
2.75439 3.26823 1.01534
2.82717 3.38125 1.02109
2.75402 3.38191 1.03053
2.75392 3.38257 0.98506
2.75401 3.38198 1.01537
2.82703 3.26779 1.05702
2.7544 3.26817 1.04564
2.82719 3.3812 1.05708
2.75402 3.38191 1.04568
1.76823 3.33355 0.994885
1.76823 3.33407 0.974971
1.76822 3.33342 1.0148
1.76823 3.33375 0.984928
1.93848 3.3177 0.994765
1.72761 3.45598 0.994925
1.93849 3.31838 0.975104
1.72762 3.45649 0.974927
1.76823 3.33345 1.00484
1.93848 3.31753 1.01443
1.72761 3.45585 1.01492
1.93849 3.31796 0.984934
1.72761 3.45617 0.984926
1.9064 3.43902 0.994785
1.90641 3.43973 0.97508
1.93848 3.31757 1.0046
1.72761 3.45588 1.00492
1.90639 3.43885 1.01449
1.9064 3.43929 0.984932
1.90639 3.43889 1.00464
1.76822 3.33342 1.02476
1.93848 3.31753 1.02426
1.72761 3.45585 1.02492
1.90639 3.43885 1.02434
1.46754 3.36174 0.996356
1.46755 3.36196 0.973479
1.46754 3.36168 1.01923
1.40704 3.48674 0.996387
1.46754 3.36182 0.984917
1.60823 3.34894 0.995325
1.40704 3.48693 0.973443
1.60824 3.34931 0.974519
1.46754 3.3617 1.00779
1.40665 3.48647 1.01933
1.60823 3.34885 1.01613
1.40723 3.48693 0.984915
1.55831 3.47247 0.995375
1.60823 3.34908 0.984922
1.55832 3.47281 0.974466
1.40674 3.48654 1.00786
1.60823 3.34887 1.00573
1.55821 3.47233 1.01628
1.55836 3.47262 0.98492
1.55824 3.47236 1.00583
1.46754 3.36168 1.03067
1.40665 3.48647 1.0308
1.60823 3.34885 1.02653
1.55821 3.47233 1.02674
1.76825 3.33498 0.955057
2.11 3.30583 0.955677
2.42861 3.28443 0.953924
1.76825 3.33551 0.9451
1.93851 3.31958 0.955442
1.72764 3.4574 0.95493
2.08619 3.42581 0.955646
2.11002 3.30666 0.945923
2.27571 3.29401 0.955319
2.42862 3.28549 0.943578
2.41882 3.4013 0.953919
1.76824 3.3345 0.965014
2.10999 3.30504 0.965432
2.4286 3.28345 0.964271
1.93852 3.32026 0.945611
1.72765 3.45791 0.944931
1.90644 3.44096 0.955375
2.08621 3.4267 0.945882
2.25947 3.41242 0.955306
2.27572 3.29498 0.945442
2.41884 3.40245 0.94357
1.9385 3.31894 0.965273
1.72763 3.45691 0.964929
2.08617 3.42497 0.965411
2.27569 3.29311 0.965196
2.41881 3.40021 0.964267
1.90645 3.44167 0.945523
2.25949 3.41347 0.945426
1.90642 3.4403 0.965228
2.25944 3.41144 0.965187
2.66798 3.27314 0.946254
2.56171 3.27738 0.95105
2.66605 3.38779 0.946251
2.66792 3.27418 0.933335
2.66804 3.27216 0.959172
2.5617 3.27846 0.939739
2.55683 3.39292 0.951046
2.66598 3.38895 0.933328
2.56172 3.27636 0.962361
2.66612 3.38671 0.959173
2.55681 3.39412 0.939732
2.55685 3.3918 0.962359
1.25817 3.89991 0.952617
1.33873 3.61741 0.950768
1.24855 4.19937 0.949362
1.44704 3.87881 0.953992
1.28287 3.75465 0.951457
1.25815 3.89866 0.941849
1.33874 3.61741 0.939387
1.50884 3.60092 0.953531
1.25858 3.9013 0.963386
1.33912 3.61763 0.96215
1.43414 4.18103 0.949664
1.25121 4.04941 0.952501
1.2486 4.20246 0.961554
1.24849 4.19608 0.93717
1.46885 3.73522 0.953666
1.44703 3.87769 0.943678
1.28287 3.75421 0.940304
1.50885 3.60106 0.943068
1.44715 3.87992 0.964305
1.28346 3.75539 0.96261
1.50893 3.60084 0.963994
1.43746 4.02848 0.95312
1.43419 4.184 0.961759
1.25134 4.05159 0.963395
1.43409 4.17785 0.93757
1.25117 4.04715 0.941608
1.46885 3.73491 0.943247
1.46899 3.7356 0.964085
1.43751 4.03049 0.96381
1.43743 4.02635 0.94243
1.46756 3.36235 0.950601
1.40666 3.48703 0.9505
1.46757 3.36258 0.939162
1.60825 3.34994 0.953713
1.46755 3.36214 0.96204
1.40667 3.48722 0.939028
1.55823 3.47334 0.953556
1.60826 3.35031 0.943309
1.40676 3.48691 0.961972
1.60824 3.3496 0.964116
1.55824 3.47368 0.943101
1.55825 3.47304 0.964011
1.24764 4.49528 0.930068
1.43377 4.4844 0.930211
1.24807 4.34845 0.942212
1.24775 4.49985 0.950025
1.43395 4.33386 0.942427
1.43386 4.48891 0.950121
1.24815 4.35239 0.957289
1.43402 4.33772 0.957434
1.24752 4.4904 0.910111
1.43366 4.47959 0.910301
1.24798 4.34424 0.927136
1.43388 4.32975 0.927419
2.66582 4.71354 0.890002
2.40049 4.73885 0.887564
2.03934 4.74949 0.886935
2.66333 4.57322 0.9113
2.66464 4.72405 0.928199
2.54913 4.72863 0.888477
2.39691 4.59924 0.912164
2.40102 4.75065 0.927562
2.66747 4.70053 0.84959
2.39981 4.72432 0.845069
2.2279 4.7454 0.887103
2.03159 4.61282 0.912309
2.04124 4.76168 0.927404
2.03683 4.73452 0.843899
2.66325 4.57875 0.938906
2.54661 4.58829 0.911846
2.54885 4.73994 0.927798
2.39708 4.60549 0.939978
2.66352 4.56687 0.883139
2.54955 4.71468 0.846765
2.3967 4.59208 0.883726
2.22249 4.60708 0.912302
2.22914 4.75747 0.927446
2.03209 4.61937 0.940208
2.22625 4.73056 0.84421
2.03093 4.60535 0.883768
2.54663 4.59425 0.939578
2.54661 4.58145 0.883516
2.22282 4.61352 0.940167
2.22206 4.59972 0.8838
1.64639 4.75511 0.886839
1.84284 4.75233 0.8869
1.63338 4.62208 0.912117
1.64947 4.76737 0.927353
1.6423 4.74005 0.843758
1.83247 4.61749 0.912231
1.84535 4.76456 0.927388
1.63422 4.62875 0.940091
1.83952 4.73731 0.843845
1.63228 4.61448 0.883501
1.83315 4.6241 0.940162
1.83159 4.60995 0.883658
1.26973 4.76294 0.886725
1.45401 4.75844 0.886773
1.25296 4.63505 0.911911
1.27371 4.77526 0.927283
1.26446 4.74784 0.843601
1.43873 4.6276 0.912
1.4576 4.77074 0.927313
1.25405 4.64181 0.939957
1.44925 4.74336 0.843667
1.25154 4.62735 0.883223
1.43972 4.63432 0.940016
1.43745 4.61994 0.883342
2.82669 3.77032 0.931124
2.82653 3.50329 0.931131
2.8271 4.07127 0.928471
2.8266 3.63116 0.931128
2.82631 3.77049 0.913101
2.75273 3.77662 0.939584
2.75317 3.50532 0.93959
2.82625 3.50416 0.91313
2.82704 3.77015 0.949148
2.82679 3.50247 0.949132
2.82684 3.91796 0.93046
2.82757 4.07242 0.947579
2.75292 4.08427 0.936242
2.82659 4.07004 0.909364
2.82627 3.63181 0.913116
2.75287 3.63482 0.939586
2.7525 3.77677 0.924405
2.75299 3.50634 0.924428
2.8269 3.63054 0.949139
2.75295 3.77648 0.954762
2.75333 3.50438 0.954752
2.82725 3.91841 0.948761
2.75275 3.92751 0.938747
2.75323 4.08571 0.952773
2.82641 3.91748 0.912159
2.7526 4.08273 0.919711
2.75266 3.63556 0.924416
2.75306 3.63413 0.954756
2.75301 3.92811 0.954269
2.75248 3.92687 0.923226
2.82809 4.38365 0.917875
2.8275 4.22744 0.924497
2.82874 4.38621 0.94124
2.7537 4.40256 0.922879
2.8274 4.38092 0.89451
2.82805 4.22932 0.945204
2.75324 4.24369 0.931231
2.75413 4.40557 0.944762
2.82691 4.22543 0.903789
2.75323 4.39935 0.900997
2.7536 4.24596 0.949771
2.75285 4.24126 0.91269
2.83425 4.67187 0.891609
2.82997 4.53383 0.907335
2.83113 4.6807 0.927677
2.75828 4.69436 0.89132
2.83863 4.66077 0.85378
2.82973 4.53828 0.935469
2.75511 4.5548 0.909979
2.75614 4.70398 0.928311
2.83049 4.52866 0.878762
2.76128 4.68239 0.852332
2.75494 4.55981 0.937643
2.75546 4.54904 0.881815
2.82643 3.2702 0.931129
2.75402 3.27099 0.939593
2.82623 3.271 0.913144
2.82647 3.3839 0.931132
2.82661 3.26945 0.949114
2.75357 3.38507 0.939593
2.7539 3.27193 0.924443
2.82623 3.3848 0.91314
2.75414 3.27011 0.954744
2.8267 3.38306 0.949124
2.75342 3.38612 0.924438
2.75371 3.38408 0.954749

CELLS 512 4608
8 92 63 24 64 65 28 0 29 
8 63 93 68 24 28 69 33 0 
8 24 68 94 71 0 33 72 35 
8 64 24 71 95 29 0 35 76 
8 65 28 0 29 96 80 46 81 
8 28 69 33 0 80 97 84 46 
8 0 33 72 35 46 84 98 86 
8 29 0 35 76 81 46 86 99 
8 136 125 112 126 60 21 3 23 
8 125 137 129 112 21 66 31 3 
8 112 129 138 131 3 31 70 34 
8 126 112 131 139 23 3 34 74 
8 60 21 3 23 92 63 24 64 
8 21 66 31 3 63 93 68 24 
8 3 31 70 34 24 68 94 71 
8 23 3 34 74 64 24 71 95 
8 176 164 110 123 165 149 2 18 
8 164 177 128 110 149 168 30 2 
8 110 128 137 125 2 30 66 21 
8 123 110 125 136 18 2 21 60 
8 165 149 2 18 178 171 22 61 
8 149 168 30 2 171 179 67 22 
8 2 30 66 21 22 67 93 63 
8 18 2 21 60 61 22 63 92 
8 178 171 22 61 172 157 6 26 
8 171 179 67 22 157 174 32 6 
8 22 67 93 63 6 32 69 28 
8 61 22 63 92 26 6 28 65 
8 172 157 6 26 194 189 45 78 
8 157 174 32 6 189 195 83 45 
8 6 32 69 28 45 83 97 80 
8 26 6 28 65 78 45 80 96 
8 288 257 216 258 259 217 196 218 
8 257 289 262 216 217 264 225 196 
8 216 262 290 267 196 225 270 235 
8 258 216 267 291 218 196 235 273 
8 259 217 196 218 292 274 240 275 
8 217 264 225 196 274 293 278 240 
8 196 225 270 235 240 278 294 282 
8 218 196 235 273 275 240 282 295 
8 291 267 234 272 273 235 207 239 
8 267 290 269 234 235 270 237 207 
8 234 269 332 320 207 237 321 305 
8 272 234 320 333 239 207 305 324 
8 273 235 207 239 295 282 251 286 
8 235 270 237 207 282 294 284 251 
8 207 237 321 305 251 284 334 327 
8 239 207 305 324 286 251 327 335 
8 372 359 346 361 271 230 205 238 
8 359 373 365 346 230 266 232 205 
8 346 365 374 368 205 232 318 303 
8 361 346 368 375 238 205 303 323 
8 271 230 205 238 291 267 234 272 
8 230 266 232 205 267 290 269 234 
8 205 232 318 303 234 269 332 320 
8 238 205 303 323 272 234 320 333 
8 390 385 344 360 256 214 197 215 
8 385 391 363 344 214 261 222 197 
8 344 363 373 359 197 222 266 230 
8 360 344 359 372 215 197 230 271 
8 256 214 197 215 288 257 216 258 
8 214 261 222 197 257 289 262 216 
8 197 222 266 230 216 262 290 267 
8 215 197 230 271 258 216 267 291 
8 413 163 108 402 403 148 1 393 
8 163 176 123 108 148 165 18 1 
8 108 123 136 124 1 18 60 19 
8 402 108 124 414 393 1 19 407 
8 403 148 1 393 415 170 20 408 
8 148 165 18 1 170 178 61 20 
8 1 18 60 19 20 61 92 62 
8 393 1 19 407 408 20 62 416 
8 414 124 113 406 407 19 4 397 
8 124 136 126 113 19 60 23 4 
8 113 126 139 134 4 23 74 39 
8 406 113 134 425 397 4 39 422 
8 407 19 4 397 416 62 25 411 
8 19 60 23 4 62 92 64 25 
8 4 23 74 39 25 64 95 75 
8 397 4 39 422 411 25 75 426 
8 415 170 20 408 409 156 5 398 
8 170 178 61 20 156 172 26 5 
8 20 61 92 62 5 26 65 27 
8 408 20 62 416 398 5 27 412 
8 409 156 5 398 435 188 44 430 
8 156 172 26 5 188 194 78 44 
8 5 26 65 27 44 78 96 79 
8 398 5 27 412 430 44 79 436 
8 416 62 25 411 412 27 7 400 
8 62 92 64 25 27 65 29 7 
8 25 64 95 75 7 29 76 40 
8 411 25 75 426 400 7 40 423 
8 412 27 7 400 436 79 47 433 
8 27 65 29 7 79 96 81 47 
8 7 29 76 40 47 81 99 89 
8 400 7 40 423 433 47 89 440 
8 139 131 118 135 74 34 8 41 
8 131 138 132 118 34 70 36 8 
8 118 132 477 464 8 36 466 450 
8 135 118 464 478 41 8 450 470 
8 74 34 8 41 95 71 37 77 
8 34 70 36 8 71 94 73 37 
8 8 36 466 450 37 73 479 471 
8 41 8 450 470 77 37 471 480 
8 95 71 37 77 76 35 9 43 
8 71 94 73 37 35 72 38 9 
8 37 73 479 471 9 38 473 458 
8 77 37 471 480 43 9 458 476 
8 76 35 9 43 99 86 54 90 
8 35 72 38 9 86 98 87 54 
8 9 38 473 458 54 87 495 489 
8 43 9 458 476 90 54 489 496 
8 425 134 121 421 422 39 10 418 
8 134 139 135 121 39 74 41 10 
8 121 135 478 468 10 41 470 455 
8 421 121 468 515 418 10 455 511 
8 422 39 10 418 426 75 42 424 
8 39 74 41 10 75 95 77 42 
8 10 41 470 455 42 77 480 474 
8 418 10 455 511 424 42 474 516 
8 426 75 42 424 423 40 11 419 
8 75 95 77 42 40 76 43 11 
8 42 77 480 474 11 43 476 461 
8 424 42 474 516 419 11 461 514 
8 423 40 11 419 440 89 57 438 
8 40 76 43 11 89 99 90 57 
8 11 43 476 461 57 90 496 492 
8 419 11 461 514 438 57 492 524 
8 435 188 44 430 431 182 12 427 
8 188 194 78 44 182 190 48 12 
8 44 78 96 79 12 48 82 49 
8 430 44 79 436 427 12 49 434 
8 431 182 12 427 571 558 537 556 
8 182 190 48 12 558 572 560 537 
8 12 48 82 49 537 560 573 564 
8 427 12 49 434 556 537 564 574 
8 194 189 45 78 190 183 13 48 
8 189 195 83 45 183 192 52 13 
8 45 83 97 80 13 52 85 50 
8 78 45 80 96 48 13 50 82 
8 190 183 13 48 572 561 542 560 
8 183 192 52 13 561 583 578 542 
8 13 52 85 50 542 578 584 565 
8 48 13 50 82 560 542 565 573 
8 96 80 46 81 82 50 14 51 
8 80 97 84 46 50 85 53 14 
8 46 84 98 86 14 53 88 55 
8 81 46 86 99 51 14 55 91 
8 82 50 14 51 573 565 547 566 
8 50 85 53 14 565 584 581 547 
8 14 53 88 55 547 581 599 593 
8 51 14 55 91 566 547 593 600 
8 436 79 47 433 434 49 15 429 
8 79 96 81 47 49 82 51 15 
8 47 81 99 89 15 51 91 58 
8 433 47 89 440 429 15 58 439 
8 434 49 15 429 574 564 548 569 
8 49 82 51 15 564 573 566 548 
8 15 51 91 58 548 566 600 596 
8 429 15 58 439 569 548 596 608 
8 99 86 54 90 91 55 16 59 
8 86 98 87 54 55 88 56 16 
8 54 87 495 489 16 56 491 484 
8 90 54 489 496 59 16 484 494 
8 91 55 16 59 600 593 587 597 
8 55 88 56 16 593 599 594 587 
8 16 56 491 484 587 594 623 617 
8 59 16 484 494 597 587 617 624 
8 440 89 57 438 439 58 17 437 
8 89 99 90 57 58 91 59 17 
8 57 90 496 492 17 59 494 487 
8 438 57 492 524 437 17 487 523 
8 439 58 17 437 608 596 590 606 
8 58 91 59 17 596 600 597 590 
8 17 59 494 487 590 597 624 620 
8 437 17 487 523 606 590 620 632 
8 679 666 646 665 401 146 100 392 
8 666 680 669 646 146 162 106 100 
8 646 669 681 673 100 106 122 107 
8 665 646 673 682 392 100 107 405 
8 401 146 100 392 413 163 108 402 
8 146 162 106 100 163 176 123 108 
8 100 106 122 107 108 123 136 124 
8 392 100 107 405 402 108 124 414 
8 680 670 652 669 162 147 101 106 
8 670 691 687 652 147 167 114 101 
8 652 687 692 674 101 114 127 109 
8 669 652 674 681 106 101 109 122 
8 162 147 101 106 176 164 110 123 
8 147 167 114 101 164 177 128 110 
8 101 114 127 109 110 128 137 125 
8 106 101 109 122 123 110 125 136 
8 681 674 658 675 122 109 102 111 
8 674 692 690 658 109 127 115 102 
8 658 690 707 702 102 115 130 116 
8 675 658 702 708 111 102 116 133 
8 122 109 102 111 136 125 112 126 
8 109 127 115 102 125 137 129 112 
8 102 115 130 116 112 129 138 131 
8 111 102 116 133 126 112 131 139 
8 682 673 659 678 405 107 103 396 
8 673 681 675 659 107 122 111 103 
8 659 675 708 705 103 111 133 119 
8 678 659 705 716 396 103 119 420 
8 405 107 103 396 414 124 113 406 
8 107 122 111 103 124 136 126 113 
8 103 111 133 119 113 126 139 134 
8 396 103 119 420 406 113 134 425 
8 708 702 697 706 133 116 104 120 
8 702 707 703 697 116 130 117 104 
8 697 703 731 726 104 117 463 447 
8 706 697 726 732 120 104 447 467 
8 133 116 104 120 139 131 118 135 
8 116 130 117 104 131 138 132 118 
8 104 117 463 447 118 132 477 464 
8 120 104 447 467 135 118 464 478 
8 716 705 700 715 420 119 105 417 
8 705 708 706 700 119 133 120 105 
8 700 706 732 729 105 120 467 452 
8 715 700 729 740 417 105 452 508 
8 420 119 105 417 425 134 121 421 
8 119 133 120 105 134 139 135 121 
8 105 120 467 452 121 135 478 468 
8 417 105 452 508 421 121 468 515 
8 415 410 394 403 170 158 140 148 
8 410 787 774 394 158 772 754 140 
8 394 774 788 404 140 754 777 150 
8 403 394 404 413 148 140 150 163 
8 170 158 140 148 178 173 151 165 
8 158 772 754 140 173 789 782 151 
8 140 754 777 150 151 782 790 166 
8 148 140 150 163 165 151 166 176 
8 178 173 151 165 171 160 141 149 
8 173 789 782 151 160 783 767 141 
8 151 782 790 166 141 767 785 152 
8 165 151 166 176 149 141 152 164 
8 171 160 141 149 179 175 154 168 
8 160 783 767 141 175 799 796 154 
8 141 767 785 152 154 796 800 169 
8 149 141 152 164 168 154 169 177 
8 413 404 395 401 163 150 142 146 
8 404 788 779 395 150 777 762 142 
8 395 779 819 667 142 762 815 649 
8 401 395 667 679 146 142 649 666 
8 163 150 142 146 176 166 153 162 
8 150 777 762 142 166 790 786 153 
8 142 762 815 649 153 786 820 671 
8 146 142 649 666 162 153 671 680 
8 176 166 153 162 164 152 143 147 
8 166 790 786 153 152 785 770 143 
8 153 786 820 671 143 770 818 654 
8 162 153 671 680 147 143 654 670 
8 164 152 143 147 177 169 155 167 
8 152 785 770 143 169 800 798 155 
8 143 770 818 654 155 798 824 688 
8 147 143 654 670 167 155 688 691 
8 435 432 399 409 188 184 144 156 
8 432 843 771 399 184 838 750 144 
8 399 771 787 410 144 750 772 158 
8 409 399 410 415 156 144 158 170 
8 188 184 144 156 194 191 159 172 
8 184 838 750 144 191 844 780 159 
8 144 750 772 158 159 780 789 173 
8 156 144 158 170 172 159 173 178 
8 194 191 159 172 189 186 145 157 
8 191 844 780 159 186 842 765 145 
8 159 780 789 173 145 765 783 160 
8 172 159 173 178 157 145 160 171 
8 189 186 145 157 195 193 161 174 
8 186 842 765 145 193 848 794 161 
8 145 765 783 160 161 794 799 175 
8 157 145 160 171 174 161 175 179 
8 571 559 428 431 558 540 180 182 
8 559 867 837 428 540 861 830 180 
8 428 837 843 432 180 830 838 184 
8 431 428 432 435 182 180 184 188 
8 558 540 180 182 572 563 185 190 
8 540 861 830 180 563 868 841 185 
8 180 830 838 184 185 841 844 191 
8 182 180 184 188 190 185 191 194 
8 572 563 185 190 561 546 181 183 
8 563 868 841 185 546 866 835 181 
8 185 841 844 191 181 835 842 186 
8 190 185 191 194 183 181 186 189 
8 561 546 181 183 583 580 187 192 
8 546 866 835 181 580 872 847 187 
8 181 835 842 186 187 847 848 193 
8 183 181 186 189 192 187 193 195 
8 292 277 219 259 274 244 198 217 
8 277 899 890 219 244 889 879 198 
8 219 890 900 260 198 879 891 220 
8 259 219 260 288 217 198 220 257 
8 274 244 198 217 293 281 227 264 
8 244 889 879 198 281 901 896 227 
8 198 879 891 220 227 896 902 265 
8 217 198 220 257 264 227 265 289 
8 288 260 221 256 257 220 199 214 
8 260 900 893 221 220 891 883 199 
8 221 893 913 386 199 883 909 379 
8 256 221 386 390 214 199 379 385 
8 257 220 199 214 289 265 228 261 
8 220 891 883 199 265 902 898 228 
8 199 883 909 379 228 898 914 389 
8 214 199 379 385 261 228 389 391 
8 391 388 349 363 261 223 200 222 
8 388 413 402 349 223 403 393 200 
8 349 402 414 364 200 393 407 231 
8 363 349 364 373 222 200 231 266 
8 261 223 200 222 289 263 224 262 
8 223 403 393 200 263 415 408 224 
8 200 393 407 231 224 408 416 268 
8 222 200 231 266 262 224 268 290 
8 289 263 224 262 264 226 201 225 
8 263 415 408 224 226 409 398 201 
8 224 408 416 268 201 398 412 236 
8 262 224 268 290 225 201 236 270 
8 264 226 201 225 293 279 245 278 
8 226 409 398 201 279 435 430 245 
8 201 398 412 236 245 430 436 283 
8 225 201 236 270 278 245 283 294 
8 293 281 227 264 279 249 202 226 
8 281 901 896 227 249 839 755 202 
8 227 896 902 265 202 755 775 229 
8 264 227 265 289 226 202 229 263 
8 279 249 202 226 435 432 399 409 
8 249 839 755 202 432 843 771 399 
8 202 755 775 229 399 771 787 410 
8 226 202 229 263 409 399 410 415 
8 289 265 228 261 263 229 203 223 
8 265 902 898 228 229 775 757 203 
8 228 898 914 389 203 757 778 382 
8 261 228 389 391 223 203 382 388 
8 263 229 203 223 415 410 394 403 
8 229 775 757 203 410 787 774 394 
8 203 757 778 382 394 774 788 404 
8 223 203 382 388 403 394 404 413 
8 373 364 351 365 266 231 204 232 
8 364 414 406 351 231 407 397 204 
8 351 406 425 367 204 397 422 302 
8 365 351 367 374 232 204 302 318 
8 266 231 204 232 290 268 233 269 
8 231 407 397 204 268 416 411 233 
8 204 397 422 302 233 411 426 319 
8 232 204 302 318 269 233 319 332 
8 290 268 233 269 270 236 206 237 
8 268 416 411 233 236 412 400 206 
8 233 411 426 319 206 400 423 304 
8 269 233 319 332 237 206 304 321 
8 270 236 206 237 294 283 250 284 
8 236 412 400 206 283 436 433 250 
8 206 400 423 304 250 433 440 326 
8 237 206 304 321 284 250 326 334 
8 292 274 240 275 276 241 208 242 
8 274 293 278 240 241 280 246 208 
8 240 278 294 282 208 246 285 252 
8 275 240 282 295 242 208 252 287 
8 276 241 208 242 941 929 918 930 
8 241 280 246 208 929 942 933 918 
8 208 246 285 252 918 933 943 936 
8 242 208 252 287 930 918 936 944 
8 941 932 243 276 929 922 209 241 
8 932 955 888 243 922 951 878 209 
8 243 888 899 277 209 878 889 244 
8 276 243 277 292 241 209 244 274 
