# vtk DataFile Version 2.0
Square plate test
ASCII
DATASET UNSTRUCTURED_GRID
POINTS 810 float
1.80159 2.95391 2.03446
2.13412 2.9177 1.21248
1.46369 2.91896 1.79636
2.30829 2.95471 1.56843
1.14705 2.94479 2.68476
1.58376 2.95334 2.78724
1.24241 2.09942 2.72197
1.58056 2.0951 1.93432
1.6726 2.11024 2.82335
1.9234 2.10981 2.19697
2.40446 2.11035 1.76057
2.221 2.09589 1.37784
2.48991 2.95327 1.98874
2.11501 2.95143 2.34802
1.93506 2.94742 2.88777
1.96247 2.11292 2.90629
2.16101 2.11303 2.42534
2.52884 2.11345 2.07638
1.6373 2.94404 1.91105
1.70269 3.38127 1.90475
2.00393 2.95406 1.72101
2.22184 2.94406 1.38922
2.06157 3.33617 1.07708
1.7454 2.90615 1.43298
1.36645 3.33913 1.68509
2.2293 3.38216 1.41352
1.67146 2.95381 2.41961
1.27043 2.9379 2.23587
1.069 3.38175 2.6576
1.37703 2.95108 2.73593
1.51467 3.37917 2.76292
1.88149 2.5292 2.13995
1.54152 2.50291 1.88648
1.20991 2.51497 2.70764
1.37313 2.09802 2.3118
1.47693 2.10638 2.77528
1.76696 2.10464 2.07168
1.64051 2.52965 2.80843
1.77001 2.11012 2.4995
2.19212 2.50301 1.32152
1.86355 2.09345 1.61463
2.37182 2.52989 1.69392
2.13436 2.10974 1.94193
2.32127 2.10529 1.58005
2.45675 3.37406 1.91919
2.27092 2.95275 2.12058
2.3966 2.95574 1.76372
1.95975 2.95442 2.17674
2.07695 3.37138 2.28782
1.76914 2.95198 2.83806
2.00783 2.94957 2.62057
1.91482 3.36383 2.87753
1.8332 2.11206 2.86681
2.05353 2.1121 2.31368
2.14554 2.53185 2.39745
1.95203 2.53059 2.89751
2.0405 2.11299 2.65748
2.51623 2.53293 2.04542
2.32385 2.11315 2.2262
2.47288 2.11257 1.92436
1.53159 3.37108 1.78272
1.87569 2.94061 1.57137
1.89649 3.38184 1.54114
2.1401 3.37057 1.23513
1.64653 3.31725 1.28417
1.47998 2.94923 2.3265
1.59355 3.3804 2.36009
1.18578 3.37092 2.17713
1.29812 3.38143 2.70831
1.72258 2.52066 2.01537
1.73505 2.5296 2.46934
1.33842 2.51142 2.28422
1.44145 2.52473 2.75958
1.58923 2.10581 2.41023
2.09026 2.52909 1.86617
2.28756 2.52111 1.51398
1.82437 2.49743 1.55279
2.01077 2.10407 1.78612
2.22602 3.37371 2.03553
2.33343 3.38023 1.63421
2.13428 2.9552 1.89853
1.8833 3.37845 2.06763
1.84678 2.95336 2.51702
1.71985 3.37371 2.81984
1.9823 3.36784 2.59538
2.02142 2.53183 2.26553
1.8098 2.53113 2.85435
1.9192 2.11212 2.58133
2.02877 2.5313 2.6424
2.30661 2.53237 2.18951
2.44726 2.53271 1.86864
2.23762 2.11219 2.08698
1.76432 3.36565 1.39678
1.39262 3.37898 2.26316
1.55097 2.5235 2.3791
1.96515 2.51896 1.71235
2.04855 3.37985 1.74485
1.78973 3.37631 2.47011
1.89341 2.53158 2.55656
2.20299 2.53213 2.02249
1.55632 2.9532 3.50969
1.11613 2.94498 3.5965
1.3746 2.92276 4.49561
1.72224 2.95415 4.26568
1.51085 2.09528 4.38245
1.21757 2.0994 3.57909
1.86528 2.11003 4.13285
1.65165 2.11029 3.49546
1.91103 2.94683 3.42156
2.04461 2.9517 3.97049
2.10532 2.11419 3.91635
1.94319 2.11324 3.42355
1.34785 2.95111 3.55297
1.48325 3.37882 3.52196
1.54365 2.95297 3.14729
1.0951 2.94527 3.13948
1.03416 3.38199 3.61183
1.61732 2.9537 3.88048
1.20951 2.93909 4.05037
1.26414 3.34563 4.58979
1.55277 2.94535 4.38378
1.60943 3.38131 4.37543
1.61668 2.52966 3.5
1.18248 2.51508 3.58448
1.4639 2.50446 4.42023
1.32465 2.09804 3.99522
1.70379 2.10474 4.25158
1.45425 2.10639 3.53527
1.81441 2.52954 4.17759
1.72929 2.11024 3.82361
1.19002 2.09974 3.14951
1.63265 2.11026 3.15863
1.74342 2.95164 3.46609
1.90126 2.94613 3.15347
1.88876 3.36243 3.42244
1.88539 2.95449 4.13126
1.9602 2.9489 3.69343
1.99964 3.37077 4.01738
1.99818 2.11267 4.02239
1.81342 2.11221 3.45858
1.93021 2.53064 3.42162
2.08228 2.53279 3.93351
2.00247 2.11368 3.6768
1.92926 2.11296 3.16419
1.26481 3.3814 3.568
1.33185 2.95118 3.1434
1.47495 3.37838 3.14096
1.01787 3.38198 3.1335
1.42237 2.9496 3.96598
1.53095 3.37997 3.92656
1.11665 3.37284 4.0961
1.4326 3.3731 4.49262
1.41596 2.52479 3.54103
1.68849 2.5297 3.84322
1.28472 2.51195 4.01371
1.65062 2.52132 4.29632
1.54509 2.10584 3.9052
1.60026 2.52959 3.15329
1.15745 2.51553 3.14498
1.43146 2.10652 3.15442
1.6908 3.37293 3.4735
1.73272 2.95112 3.15077
1.88136 3.36136 3.14848
1.79604 2.95295 3.79069
1.79749 3.37796 4.22232
1.9304 3.36593 3.7089
1.78723 2.53113 3.4605
1.95754 2.5323 4.05851
1.88063 2.11245 3.74822
1.98567 2.53158 3.68154
1.79734 2.11205 3.16195
1.91822 2.53022 3.15864
1.25366 3.38129 3.13699
1.32624 3.37945 4.01524
1.50112 2.52373 3.92615
1.39585 2.52496 3.14936
1.68357 3.37211 3.14494
1.73195 3.3752 3.82585
1.84923 2.5317 3.76249
1.77345 2.53086 3.15648
1.07001 2.79657 1.56163
1.9325 2.79665 0.832856
0.623801 2.82403 2.57974
0.593995 2.06421 2.58156
1.05404 2.05885 1.57317
1.92569 2.06064 0.835647
1.07299 3.16446 1.5473
1.44721 2.78364 1.14522
1.27612 2.87202 1.68251
2.03954 2.87033 1.02982
1.93173 3.16305 0.821469
0.79688 2.81638 2.05036
0.637304 3.20801 2.5777
0.895437 2.91045 2.63294
1.06453 2.42819 1.57167
0.609598 2.44209 2.58121
0.772424 2.06251 2.0532
0.953342 2.08637 2.65891
1.34823 2.08017 1.77233
1.43856 2.05698 1.16086
2.09276 2.08129 1.13576
1.93118 2.42945 0.839247
1.44571 3.14313 1.12537
1.212 3.27404 1.60793
1.60519 2.85304 1.29465
1.99251 3.26999 0.93924
0.806037 3.19633 2.04538
1.04274 2.90018 2.1448
0.843378 3.33799 2.61324
0.786187 2.43794 2.05356
1.32621 2.47304 1.74226
0.935943 2.49066 2.64929
1.10608 2.08439 2.19564
1.4458 2.42223 1.15906
2.07636 2.47323 1.10159
1.67779 2.07779 1.41152
1.54103 3.24146 1.1961
0.985946 3.32159 2.10391
1.08698 2.48552 2.17795
1.65542 2.46502 1.37315
0.589508 2.82414 3.68543
0.56343 2.06391 3.69233
0.60081 3.20849 3.68312
0.553702 2.82484 3.13101
0.862808 2.91069 3.64056
0.577337 2.44191 3.68831
0.522936 2.06449 3.13551
0.925877 2.08626 3.6303
0.568369 3.20892 3.12878
0.807443 3.3384 3.65102
0.835145 2.91117 3.13539
0.538677 2.44272 3.13325
0.906257 2.49073 3.63277
0.892461 2.08677 3.14339
0.783981 3.33851 3.13069
0.875055 2.49141 3.13973
0.97095 2.79951 4.72717
0.965138 2.05823 4.72544
0.729247 2.81726 4.22386
0.967752 3.17036 4.7354
1.18243 2.87721 4.60784
0.971096 2.42876 4.72262
0.711993 2.06197 4.22974
1.27009 2.08024 4.53666
0.73411 3.19841 4.22417
0.978533 2.90178 4.13566
1.10791 3.28326 4.66977
0.722502 2.43786 4.22518
1.2416 2.47494 4.55909
1.05221 2.08427 4.10096
0.915004 3.32442 4.16659
1.02872 2.48608 4.11152
1.79214 2.79821 5.51042
2.01385 2.92159 5.12155
1.79785 2.05815 5.51397
2.12514 2.09498 4.97453
2.20564 2.95498 4.76432
2.3288 2.11024 4.59787
1.32259 2.7876 5.16585
1.63489 2.9117 4.87256
1.78346 3.16797 5.51694
1.90979 2.87542 5.30838
1.92503 3.34368 5.24337
1.32603 2.05588 5.16
1.79791 2.42832 5.50805
1.98277 2.0799 5.21535
1.7773 2.09347 4.71686
2.08608 2.5039 5.02388
1.90653 2.95457 4.58654
2.11043 2.94527 4.94262
2.10962 3.38246 4.9005
2.2366 2.10467 4.77441
2.06374 2.10994 4.399
2.28444 2.53006 4.65462
1.31359 3.15125 5.17894
1.48826 2.86057 5.01334
1.51936 3.32702 5.00238
1.84963 3.28022 5.38934
1.32795 2.42285 5.15784
1.58009 2.07762 4.91545
1.95811 2.47414 5.24464
1.72826 2.49948 4.76872
1.77136 2.94252 4.7336
1.7814 3.38231 4.7422
2.01118 3.37291 5.08008
1.93331 2.10404 4.54959
2.1916 2.5213 4.83184
2.0084 2.52954 4.46183
1.41113 3.25513 5.09815
1.54978 2.46755 4.94646
1.64165 3.36878 4.88571
1.8767 2.51977 4.61154
2.58572 2.94905 2.22862
2.26882 2.94668 2.5338
2.09124 2.94127 2.93692
2.07609 2.1133 2.94378
2.25716 2.11327 2.53446
2.57857 2.11365 2.22253
2.58966 3.36576 2.23632
2.41071 2.94849 2.36489
2.27712 3.36219 2.53666
2.16176 2.94411 2.72719
2.10469 3.35173 2.9356
2.26175 2.53058 2.53254
2.08073 2.52904 2.9393
2.14786 2.1133 2.73078
2.58197 2.53185 2.22325
2.40155 2.11335 2.3625
2.41618 3.36549 2.36969
2.17308 3.35717 2.72828
2.15263 2.52988 2.72755
2.40568 2.53121 2.3619
2.0689 2.94041 3.37657
2.05696 2.11382 3.38945
2.05953 2.93956 3.15578
2.08194 3.34963 3.37007
2.04481 2.11343 3.16588
2.0594 2.52916 3.38305
2.07372 3.34838 3.15181
2.04876 2.52862 3.1603
2.40007 2.95616 4.3647
2.46073 2.11516 4.29736
2.18449 2.9544 4.20887
2.3015 2.95665 4.57542
2.35618 3.37791 4.42153
2.40306 2.11322 4.44037
2.25649 2.1147 4.12794
2.43717 2.53504 4.31944
2.04328 2.95586 4.41657
2.1303 3.37531 4.27817
2.22354 3.38118 4.6869
2.17075 2.11292 4.26011
2.36587 2.53353 4.48592
2.22959 2.53402 4.15399
1.94286 3.38026 4.54773
2.12536 2.53292 4.31188
2.20187 2.94735 3.79655
2.19958 2.11514 3.8125
2.1171 2.94321 3.59244
2.20884 3.36166 3.78653
2.19782 2.53214 3.80555
2.10955 2.11442 3.60738
2.12757 3.35441 3.58382
2.10998 2.53041 3.60049
2.49999 2.9546 4.14306
2.5101 2.11657 4.16158
2.32793 2.95157 3.98229
2.49817 3.37364 4.13029
2.33158 2.11589 3.99914
2.50342 2.53558 4.15408
2.33071 3.3689 3.97105
2.32745 2.53399 3.99213
3.03141 2.95581 1.48567
3.05366 2.94459 1.05026
3.04516 2.112 1.57946
3.06309 2.10261 1.14332
3.0748 2.82865 0.549646
3.06711 2.07105 0.515693
2.58513 2.93628 1.0974
2.66675 2.95543 1.51167
3.01999 3.38189 1.41277
3.04263 2.95214 1.27523
3.04528 3.37877 0.973151
3.04055 2.53182 1.54556
2.71448 2.11124 1.64303
3.0555 2.1087 1.37597
3.06021 2.517 1.11207
2.62886 2.09981 1.22153
3.06442 2.91085 0.808983
2.48774 2.81764 0.631878
3.0789 3.21027 0.565067
3.06721 2.09098 0.862796
3.07083 2.44843 0.533447
2.48026 2.06646 0.614824
2.62705 2.94952 1.30904
2.54876 3.36649 0.996018
2.62814 3.38219 1.40852
3.03185 3.38138 1.19528
2.61424 2.51206 1.17912
2.69799 2.531 1.59608
3.05124 2.52667 1.34039
2.67676 2.1072 1.44587
2.53926 2.89816 0.872942
3.0608 3.33481 0.758908
2.48986 3.19513 0.634931
3.06692 2.4939 0.847474
2.56521 2.08693 0.950894
2.48481 2.4411 0.626088
2.58669 3.37832 1.20042
2.65965 2.52454 1.39756
2.51594 3.31574 0.80447
2.55741 2.48657 0.926666
3.00994 2.95411 1.87773
3.01613 2.11408 1.91277
2.74518 2.95355 1.91896
3.00424 3.3743 1.85225
3.02038 2.95624 1.68527
3.01434 2.53402 1.89923
2.76371 2.11381 1.9729
3.03206 2.11348 1.75724
2.7294 3.3738 1.87827
2.70565 2.95607 1.71255
3.01051 3.37972 1.63022
2.75771 2.53349 1.95279
3.02823 2.53381 1.73078
2.7431 2.11306 1.81728
2.67505 3.38003 1.63093
2.73031 2.53334 1.77955
0.566366 1.3126 3.69807
1.22144 1.28266 3.58632
0.594942 1.31301 2.587
1.24324 1.28297 2.72928
1.05362 1.31942 1.57727
1.57942 1.28786 1.94
1.65534 1.27574 3.50464
1.67229 1.27576 2.83253
1.92069 1.27635 2.20408
0.556777 1.68814 3.69606
0.524742 1.31248 3.14125
0.929459 1.29333 3.63671
0.58608 1.68849 2.58281
1.25128 1.69111 2.72883
1.22827 1.69093 3.57985
1.19224 1.28251 3.15705
0.954385 1.29374 2.66527
1.04744 1.68908 1.57281
0.772668 1.31504 2.05808
1.34755 1.3007 1.77722
1.59009 1.69145 1.94908
1.37284 1.28458 2.31845
1.45812 1.27774 3.54344
1.66371 1.69301 3.49677
1.63418 1.27572 3.16818
1.47728 1.27791 2.78354
1.6824 1.69298 2.83154
1.76517 1.28004 2.07812
1.93419 1.69307 2.21514
1.76827 1.27595 2.50779
0.515338 1.68835 3.13809
0.930624 1.68967 3.632
0.894648 1.29314 3.14998
0.956526 1.68994 2.66363
1.19942 1.69102 3.15343
0.764836 1.68868 2.05334
1.35205 1.6904 1.78117
1.10618 1.29598 2.2014
1.38209 1.69124 2.32206
1.4669 1.69201 3.53598
1.43343 1.27768 3.16295
1.64318 1.69298 3.16352
1.48751 1.69209 2.7832
1.77849 1.69231 2.08944
1.58831 1.27864 2.41775
1.7799 1.69302 2.51176
0.896084 1.68983 3.14669
1.10937 1.6901 2.20205
1.44267 1.69204 3.15885
1.59995 1.69218 2.42231
2.21873 1.28909 1.38104
1.92379 1.3213 0.837933
2.40082 1.27646 1.76475
1.43745 1.32267 1.16406
2.22759 1.69252 1.39362
1.86179 1.29023 1.61913
2.09077 1.30239 1.13848
1.92142 1.691 0.831921
2.13105 1.27663 1.94765
2.31847 1.28068 1.58375
2.41215 1.69343 1.78023
1.4332 1.68981 1.15955
1.67643 1.3041 1.41536
1.87276 1.69184 1.63217
2.09536 1.69188 1.14412
2.00838 1.28107 1.79125
2.14503 1.6932 1.96389
2.32942 1.69301 1.59934
1.68167 1.69095 1.42164
2.02202 1.69257 1.80748
1.94573 1.27688 3.43593
1.96002 1.27654 2.91808
2.1551 1.27612 2.4344
1.81667 1.27575 3.46908
1.96545 1.69478 2.91339
1.94876 1.69514 3.42808
1.92899 1.27676 3.17659
1.83197 1.27561 2.8771
2.0495 1.27549 2.3216
2.16351 1.69458 2.43616
2.03625 1.27631 2.66812
1.82292 1.69402 3.46116
1.79813 1.27572 3.17273
1.84027 1.69386 2.87466
1.93324 1.69494 3.17015
2.06119 1.6938 2.32958
1.91637 1.27551 2.59059
2.043 1.69466 2.66599
1.80527 1.69392 3.16733
1.92617 1.69382 2.59234
2.52169 1.27528 2.08159
2.52994 1.69438 2.08674
2.31682 1.27583 2.2334
2.46786 1.2751 1.92903
2.23284 1.2754 2.09335
2.3261 1.6945 2.23828
2.47818 1.69387 1.94109
2.24523 1.69382 2.10596
3.01066 1.27423 1.91389
3.04224 1.27631 1.57957
3.06084 1.28662 1.14264
2.75715 1.27467 1.97606
3.01501 1.6942 1.91782
3.0456 1.69422 1.58993
3.02814 1.27469 1.75792
2.71091 1.27622 1.6454
2.62637 1.28703 1.22309
3.0531 1.27998 1.37557
3.06305 1.69471 1.15113
2.76343 1.69427 1.98032
2.73835 1.27479 1.82008
3.03198 1.69414 1.76587
2.71814 1.69377 1.65773
2.67389 1.27996 1.4478
2.63191 1.69348 1.2333
3.05594 1.69442 1.38626
2.74534 1.69397 1.82954
2.68072 1.69363 1.46046
3.0642 1.31858 0.515188
3.06459 1.69495 0.506301
3.06477 1.29868 0.862079
2.47769 1.31878 0.615955
2.5628 1.29933 0.952177
3.06618 1.69494 0.864487
2.47694 1.6927 0.608106
2.56592 1.69321 0.955954
2.9998 2.95071 2.06662
2.9988 2.11425 2.05717
2.78503 2.94944 2.12814
2.99958 3.36726 2.07655
2.99967 2.53332 2.0593
2.7803 2.11401 2.11921
2.78747 3.36552 2.13808
2.78263 2.53254 2.12093
2.05866 1.27857 3.40398
2.07226 1.27802 2.95727
2.24909 1.27751 2.54483
2.07428 1.69573 2.94993
2.05793 1.69632 3.39627
2.04329 1.27831 3.18009
2.25347 1.69538 2.53882
2.14203 1.27773 2.74301
2.04416 1.69599 3.17249
2.14511 1.69553 2.73618
2.56891 1.27623 2.22829
2.57455 1.69495 2.22477
2.39189 1.2771 2.37062
2.3973 1.69522 2.36573
2.99148 1.27435 2.05868
2.77162 1.2752 2.12268
2.99636 1.69433 2.05778
2.77698 1.69463 2.12058
1.80512 1.31793 5.51582
2.13502 1.28626 4.97717
0.970717 1.31768 4.72997
1.51798 1.28634 4.38784
1.87336 1.27612 4.13988
2.34109 1.27575 4.60214
1.79818 1.68795 5.51947
1.33273 1.32007 5.16333
1.99137 1.29882 5.21757
1.78586 1.28793 4.72093
2.13885 1.69054 4.9626
0.962028 1.68787 4.72983
1.52552 1.69073 4.3743
1.27651 1.29874 4.54154
0.716222 1.31409 4.2351
1.33023 1.28381 4.0017
2.34544 1.69298 4.5838
2.24771 1.27899 4.77769
1.71148 1.27923 4.25768
1.88242 1.69307 4.12308
2.07391 1.2762 4.40463
1.73524 1.27586 3.83189
1.32493 1.68789 5.16445
1.99134 1.68927 5.20987
1.58771 1.30117 4.9191
1.79288 1.69063 4.70493
1.27827 1.6894 4.53325
0.706855 1.68794 4.23417
1.05726 1.29498 4.10678
1.33719 1.69084 3.99213
2.25284 1.69177 4.75984
2.08233 1.69306 4.38447
1.94273 1.2798 4.55428
1.72113 1.69194 4.24142
1.55094 1.27823 3.91252
1.74358 1.69305 3.82029
1.58934 1.68932 4.90981
1.05855 1.68952 4.10053
1.95179 1.69187 4.53481
1.55984 1.69198 3.90128
2.1135 1.27708 3.92732
2.47512 1.27642 4.30591
2.11523 1.69569 3.91546
2.00644 1.27581 4.03093
2.26747 1.27698 4.13778
2.41646 1.27531 4.4463
2.47271 1.69584 4.29424
2.00799 1.27697 3.68865
2.41821 1.6943 4.43007
2.01268 1.69428 4.01563
2.26813 1.69588 4.12459
2.18146 1.27573 4.26734
1.88647 1.27576 3.7579
2.01008 1.6954 3.67918
2.18696 1.69435 4.24927
1.89235 1.69415 3.74699
2.20756 1.27914 3.82637
2.52542 1.27832 4.17326
2.20391 1.69719 3.81893
2.34271 1.2791 4.01208
2.51808 1.6975 4.16737
2.11465 1.27883 3.62178
2.33758 1.69753 4.00517
2.11228 1.69672 3.61413
0.854624 2.70687 1.43722
1.81922 2.70983 0.628746
0.342153 2.71157 2.52583
0.199508 2.0375 2.49706
0.72892 2.03432 1.35543
1.73918 2.03697 0.506523
0.952751 2.98416 1.49361
1.28036 2.7061 0.990235
1.87528 2.98609 0.719421
0.541923 2.70955 1.95424
0.465367 2.99736 2.54917
0.779663 2.37584 1.38791
0.257065 2.38138 2.50826
0.405467 2.03651 1.89762
1.17259 2.03359 0.886427
1.77128 2.37866 0.555696
1.35925 2.97907 1.06055
0.655035 2.99302 1.99701
0.460726 2.37952 1.92011
1.21586 2.37426 0.92775
3.085 2.7222 0.281277
3.06492 2.04699 0.135298
2.43339 2.71591 0.382509
3.09013 3.00584 0.4023
3.07333 2.39178 0.194707
2.38465 2.04219 0.24604
2.46439 2.99756 0.492558
2.40432 2.38564 0.301449
0.306219 2.71147 3.73069
0.165607 2.03694 3.75977
0.428868 2.9977 3.70929
0.261516 2.71239 3.12648
0.222066 2.38086 3.74747
0.117427 2.03756 3.12677
0.388419 2.99847 3.12747
0.175304 2.38174 3.12613
0.167718 1.33615 3.76492
0.200205 1.33653 2.50159
0.728675 1.34108 1.35875
0.14483 1.68646 3.76608
0.118679 1.33617 3.13167
0.177787 1.68689 2.49418
0.709542 1.68763 1.34423
0.405727 1.33793 1.90163
0.0958856 1.68675 3.12856
0.384387 1.68712 1.89029
1.73729 1.34301 0.508398
1.17166 1.34358 0.888989
1.72662 1.69 0.488374
1.15603 1.68855 0.871697
3.06137 1.34241 0.135133
3.06064 1.69486 0.112343
2.38179 1.3418 0.247079
2.37645 1.69207 0.225008
0.749818 2.70574 4.85004
0.628086 2.03273 4.9315
0.470805 2.70913 4.31353
0.847208 2.98513 4.79329
0.676479 2.37426 4.8985
0.337882 2.03541 4.37003
0.583026 2.99369 4.27207
0.391181 2.37846 4.34677
0.632762 1.33989 4.93576
0.34114 1.33716 4.37504
0.611295 1.68625 4.94521
0.318629 1.68622 4.38041
1.66771 2.70548 5.72007
1.59165 2.03308 5.84149
1.14741 2.70371 5.32422
1.72375 2.98402 5.62693
1.04356 2.03119 5.42754
1.6216 2.37447 5.79278
1.22594 2.97943 5.25191
1.08445 2.37176 5.38604
1.59757 1.34031 5.843
1.58219 1.6866 5.86022
1.04933 1.3418 5.43059
1.03007 1.68641 5.44397
2.92706 2.82322 5.86664
2.93146 2.06361 5.89698
2.93563 2.94315 5.35182
2.96534 2.09843 5.25504
2.34013 2.8154 5.74823
2.92153 2.71324 6.14335
2.92406 3.20647 5.85285
2.34489 2.06181 5.76656
2.92966 2.44169 5.88112
2.9071 2.03778 6.28731
2.93196 2.9082 5.59958
2.46344 2.93717 5.27161
2.91501 3.37922 5.43108
2.95211 2.08522 5.54133
2.52946 2.09743 5.15431
2.95336 2.51394 5.28799
2.272 2.70925 6.00422
2.33456 3.19491 5.74353
2.92751 2.9984 6.02068
2.22771 2.03606 6.1394
2.3441 2.43725 5.75516
2.91258 2.38251 6.22939
2.40502 2.89892 5.50108
2.91772 3.33442 5.6522
2.41298 3.36972 5.36789
2.44962 2.08359 5.42708
2.94412 2.48934 5.5587
2.50518 2.51096 5.19415
2.30336 2.99249 5.89198
2.24521 2.37914 6.08509
2.36973 3.31962 5.56635
2.43382 2.48474 5.44995
2.93883 2.95516 4.90987
2.97558 2.11059 4.81671
2.93795 2.95112 5.12228
2.56719 2.95523 4.85383
2.91462 3.3816 4.98212
2.63967 2.11057 4.7352
2.97266 2.10597 5.01965
2.96012 2.5308 4.85045
2.51697 2.9495 5.05685
2.91447 3.38143 5.20317
2.51403 3.38211 4.94793
2.59071 2.10564 4.92983
2.61189 2.53063 4.77712
2.95837 2.52468 5.05618
2.46189 3.37921 5.15835
2.56295 2.52368 4.97435
2.93958 1.31148 5.89532
2.97725 1.28166 5.25359
2.35253 1.31412 5.76672
2.9133 1.33488 6.28571
2.93419 1.68739 5.90484
2.96213 1.29233 5.5397
2.54048 1.28346 5.15519
2.97286 1.68991 5.24592
2.3464 1.68784 5.77341
2.23355 1.33736 6.13927
2.90678 1.68619 6.30884
2.45901 1.29483 5.42756
2.95757 1.68862 5.53811
2.53999 1.69034 5.14402
2.22274 1.6866 6.15987
2.45663 1.68909 5.42283
2.99166 1.27445 4.81652
2.98655 1.27665 5.01865
2.65398 1.27507 4.73768
2.98588 1.6925 4.80621
2.65291 1.6928 4.72356
2.60334 1.27766 4.93133
2.98175 1.69122 5.00853
2.60319 1.69158 4.91744
2.93594 2.95634 4.52708
2.96684 2.11546 4.497
2.93818 2.95649 4.71225
2.66074 2.95685 4.46257
2.91826 3.37722 4.55019
2.97376 2.11339 4.64343
2.70264 2.11544 4.42142
2.9525 2.53568 4.50801
2.61486 2.95686 4.65743
2.91578 3.38008 4.76533
2.63345 3.37854 4.49603
2.67682 2.11343 4.5669
2.95827 2.53392 4.6685
2.68486 2.53566 4.43556
2.57077 3.38102 4.72952
2.65239 2.53392 4.59875
2.98814 1.27503 4.50025
2.99229 1.2742 4.6446
2.72061 1.27568 4.42798
2.97878 1.69536 4.49433
2.69291 1.27474 4.57099
2.98498 1.69384 4.63585
2.71444 1.69564 4.41922
2.68978 1.69412 4.5587
2.9329 2.95545 4.34814
2.95737 2.11717 4.364
2.70574 2.95603 4.26848
2.92139 3.37368 4.33587
2.7228 2.11703 4.28736
2.94477 2.53676 4.35824
2.69911 3.37538 4.25498
2.71332 2.53661 4.27995
2.98162 1.2764 4.3697
2.74271 1.27727 4.29682
2.96992 1.69696 4.36722
2.73299 1.69727 4.29242

CELLS 384 3456
8 92 60 18 61 62 19 0 20 
8 60 93 65 18 19 66 26 0 
8 18 65 94 69 0 26 70 31 
8 61 18 69 95 20 0 31 74 
8 62 19 0 20 96 81 47 80 
8 19 66 26 0 81 97 82 47 
8 0 26 70 31 47 82 98 85 
8 20 0 31 74 80 47 85 99 
8 172 144 112 145 146 113 100 114 
8 144 173 148 112 113 149 117 100 
8 112 148 174 152 100 117 153 122 
8 145 112 152 175 114 100 122 157 
8 146 113 100 114 176 160 132 161 
8 113 149 117 100 160 177 163 132 
8 100 117 153 122 132 163 178 166 
8 114 100 122 157 161 132 166 179 
8 216 203 188 204 64 24 2 23 
8 203 217 207 188 24 67 27 2 
8 188 207 218 210 2 27 71 32 
8 204 188 210 219 23 2 32 76 
8 64 24 2 23 92 60 18 61 
8 24 67 27 2 60 93 65 18 
8 2 27 71 32 18 65 94 69 
8 23 2 32 76 61 18 69 95 
8 217 208 193 207 67 28 4 27 
8 208 234 230 193 28 147 115 4 
8 193 230 235 211 4 115 158 33 
8 207 193 211 218 27 4 33 71 
8 67 28 4 27 93 68 29 65 
8 28 147 115 4 68 172 145 29 
8 4 115 158 33 29 145 175 72 
8 27 4 33 71 65 29 72 94 
8 234 229 224 230 147 116 101 115 
8 229 250 245 224 116 150 118 101 
8 224 245 251 232 101 118 154 123 
8 230 224 232 235 115 101 123 158 
8 147 116 101 115 172 144 112 145 
8 116 150 118 101 144 173 148 112 
8 101 118 154 123 112 148 174 152 
8 115 101 123 158 145 112 152 175 
8 250 246 240 245 150 119 102 118 
8 246 288 275 240 119 276 259 102 
8 240 275 289 248 102 259 281 124 
8 245 240 248 251 118 102 124 154 
8 150 119 102 118 173 151 120 148 
8 119 276 259 102 151 290 282 120 
8 102 259 281 124 120 282 291 155 
8 118 102 124 154 148 120 155 174 
8 93 68 29 65 66 30 5 26 
8 68 172 145 29 30 146 114 5 
8 29 145 175 72 5 114 157 37 
8 65 29 72 94 26 5 37 70 
8 66 30 5 26 97 83 49 82 
8 30 146 114 5 83 176 161 49 
8 5 114 157 37 49 161 179 86 
8 26 5 37 70 82 49 86 98 
8 96 81 47 80 78 48 13 45 
8 81 97 82 47 48 84 50 13 
8 47 82 98 85 13 50 88 54 
8 80 47 85 99 45 13 54 89 
8 78 48 13 45 308 300 293 299 
8 48 84 50 13 300 309 301 293 
8 13 50 88 54 293 301 310 303 
8 45 13 54 89 299 293 303 311 
8 97 83 49 82 84 51 14 50 
8 83 176 161 49 51 162 133 14 
8 49 161 179 86 14 133 171 55 
8 82 49 86 98 50 14 55 88 
8 84 51 14 50 309 302 294 301 
8 51 162 133 14 302 318 314 294 
8 14 133 171 55 294 314 319 304 
8 50 14 55 88 301 294 304 310 
8 173 151 120 148 149 121 103 117 
8 151 290 282 120 121 283 268 103 
8 120 282 291 155 103 268 287 128 
8 148 120 155 174 117 103 128 153 
8 149 121 103 117 177 164 135 163 
8 121 283 268 103 164 334 328 135 
8 103 268 287 128 135 328 335 167 
8 117 103 128 153 163 135 167 178 
8 176 160 132 161 162 134 108 133 
8 160 177 163 132 134 165 136 108 
8 132 163 178 166 108 136 169 140 
8 161 132 166 179 133 108 140 171 
8 162 134 108 133 318 315 312 314 
8 134 165 136 108 315 342 338 312 
8 108 136 169 140 312 338 343 317 
8 133 108 140 171 314 312 317 319 
8 177 164 135 163 165 137 109 136 
8 164 334 328 135 137 329 322 109 
8 135 328 335 167 109 322 333 141 
8 163 135 167 178 136 109 141 169 
8 165 137 109 136 342 339 336 338 
8 137 329 322 109 339 350 346 336 
8 109 322 333 141 336 346 351 340 
8 136 109 141 169 338 336 340 343 
8 92 63 21 61 64 22 1 23 
8 63 388 374 21 22 375 358 1 
8 21 374 389 75 1 358 378 39 
8 61 21 75 95 23 1 39 76 
8 64 22 1 23 216 205 189 204 
8 22 375 358 1 205 390 382 189 
8 1 358 378 39 189 382 391 214 
8 23 1 39 76 204 189 214 219 
8 96 79 46 80 62 25 3 20 
8 79 406 401 46 25 376 359 3 
8 46 401 407 90 3 359 379 41 
8 80 46 90 99 20 3 41 74 
8 62 25 3 20 92 63 21 61 
8 25 376 359 3 63 388 374 21 
8 3 359 379 41 21 374 389 75 
8 20 3 41 74 61 21 75 95 
8 218 211 197 212 71 33 6 34 
8 211 235 233 197 33 158 130 6 
8 197 233 454 441 6 130 442 421 
8 212 197 441 455 34 6 421 446 
8 71 33 6 34 94 72 35 73 
8 33 158 130 6 72 175 159 35 
8 6 130 442 421 35 159 456 450 
8 34 6 421 446 73 35 450 457 
8 219 210 198 215 76 32 7 40 
8 210 218 212 198 32 71 34 7 
8 198 212 455 444 7 34 446 428 
8 215 198 444 476 40 7 428 471 
8 76 32 7 40 95 69 36 77 
8 32 71 34 7 69 94 73 36 
8 7 34 446 428 36 73 457 451 
8 40 7 428 471 77 36 451 477 
8 94 72 35 73 70 37 8 38 
8 72 175 159 35 37 157 131 8 
8 35 159 456 450 8 131 449 434 
8 73 35 450 457 38 8 434 453 
8 70 37 8 38 98 86 52 87 
8 37 157 131 8 86 179 170 52 
8 8 131 449 434 52 170 496 491 
8 38 8 434 453 87 52 491 497 
8 95 69 36 77 74 31 9 42 
8 69 94 73 36 31 70 38 9 
8 36 73 457 451 9 38 453 436 
8 77 36 451 477 42 9 436 474 
8 74 31 9 42 99 85 53 91 
8 31 70 38 9 85 98 87 53 
8 9 38 453 436 53 87 497 493 
8 42 9 436 474 91 53 493 505 
8 99 90 59 91 74 41 10 42 
8 90 407 405 59 41 379 364 10 
8 59 405 524 504 10 364 520 468 
8 91 59 504 505 42 10 468 474 
8 74 41 10 42 95 75 43 77 
8 41 379 364 10 75 389 381 43 
8 10 364 520 468 43 381 525 475 
8 42 10 468 474 77 43 475 477 
8 95 75 43 77 76 39 11 40 
8 75 389 381 43 39 378 367 11 
8 43 381 525 475 11 367 522 462 
8 77 43 475 477 40 11 462 471 
8 76 39 11 40 219 214 200 215 
8 39 378 367 11 214 391 386 200 
8 11 367 522 462 200 386 533 472 
8 40 11 462 471 215 200 472 476 
8 308 298 292 299 78 44 12 45 
8 298 540 536 292 44 400 394 12 
8 292 536 541 306 12 394 403 57 
8 299 292 306 311 45 12 57 89 
8 78 44 12 45 96 79 46 80 
8 44 400 394 12 79 406 401 46 
8 12 394 403 57 46 401 407 90 
8 45 12 57 89 80 46 90 99 
8 98 86 52 87 88 55 15 56 
8 86 179 170 52 55 171 143 15 
8 52 170 496 491 15 143 492 482 
8 87 52 491 497 56 15 482 495 
8 88 55 15 56 310 304 295 305 
8 55 171 143 15 304 319 316 295 
8 15 143 492 482 295 316 550 545 
8 56 15 482 495 305 295 545 551 
8 99 85 53 91 89 54 16 58 
8 85 98 87 53 54 88 56 16 
8 53 87 497 493 16 56 495 487 
8 91 53 493 505 58 16 487 503 
8 89 54 16 58 311 303 296 307 
8 54 88 56 16 303 310 305 296 
8 16 56 495 487 296 305 551 548 
8 58 16 487 503 307 296 548 555 
8 311 306 297 307 89 57 17 58 
8 306 541 539 297 57 403 398 17 
8 297 539 559 553 17 398 517 499 
8 307 297 553 555 58 17 499 503 
8 89 57 17 58 99 90 59 91 
8 57 403 398 17 90 407 405 59 
8 17 398 517 499 59 405 524 504 
8 58 17 499 503 91 59 504 505 
8 251 248 243 249 154 124 104 125 
8 248 289 279 243 124 281 266 104 
8 243 279 596 586 104 266 585 572 
8 249 243 586 597 125 104 572 589 
8 154 124 104 125 174 155 126 156 
8 124 281 266 104 155 291 285 126 
8 104 266 585 572 126 285 598 593 
8 125 104 572 589 156 126 593 599 
8 235 232 227 233 158 123 105 130 
8 232 251 249 227 123 154 125 105 
8 227 249 597 439 105 125 589 422 
8 233 227 439 454 130 105 422 442 
8 158 123 105 130 175 152 127 159 
8 123 154 125 105 152 174 156 127 
8 105 125 589 422 127 156 599 447 
8 130 105 422 442 159 127 447 456 
8 174 155 126 156 153 128 106 129 
8 155 291 285 126 128 287 272 106 
8 126 285 598 593 106 272 591 579 
8 156 126 593 599 129 106 579 595 
8 153 128 106 129 178 167 138 168 
8 128 287 272 106 167 335 331 138 
8 106 272 591 579 138 331 614 609 
8 129 106 579 595 168 138 609 615 
8 175 152 127 159 157 122 107 131 
8 152 174 156 127 122 153 129 107 
8 127 156 599 447 107 129 595 431 
8 159 127 447 456 131 107 431 449 
8 157 122 107 131 179 166 139 170 
8 122 153 129 107 166 178 168 139 
8 107 129 595 431 139 168 615 489 
8 131 107 431 449 170 139 489 496 
8 178 167 138 168 169 141 110 142 
8 167 335 331 138 141 333 326 110 
8 138 331 614 609 110 326 610 602 
8 168 138 609 615 142 110 602 613 
8 169 141 110 142 343 340 337 341 
8 141 333 326 110 340 351 348 337 
8 110 326 610 602 337 348 622 618 
8 142 110 602 613 341 337 618 623 
8 179 166 139 170 171 140 111 143 
8 166 178 168 139 140 169 142 111 
8 139 168 615 489 111 142 613 483 
8 170 139 489 496 143 111 483 492 
8 171 140 111 143 319 317 313 316 
8 140 169 142 111 317 343 341 313 
8 111 142 613 483 313 341 623 546 
8 143 111 483 492 316 313 546 550 
8 640 630 624 631 202 186 180 187 
8 630 641 633 624 186 206 191 180 
8 624 633 642 635 180 191 209 194 
8 631 624 635 643 187 180 194 213 
8 202 186 180 187 216 203 188 204 
8 186 206 191 180 203 217 207 188 
8 180 191 209 194 188 207 218 210 
8 187 180 194 213 204 188 210 219 
8 216 205 189 204 202 190 181 187 
8 205 390 382 189 190 384 369 181 
8 189 382 391 214 181 369 387 201 
8 204 189 214 219 187 181 201 213 
8 202 190 181 187 640 632 625 631 
8 190 384 369 181 632 650 646 625 
8 181 369 387 201 625 646 651 639 
8 187 181 201 213 631 625 639 643 
8 641 634 626 633 206 192 182 191 
8 634 658 655 626 192 228 223 182 
8 626 655 659 636 182 223 231 195 
8 633 626 636 642 191 182 195 209 
8 206 192 182 191 217 208 193 207 
8 192 228 223 182 208 234 230 193 
8 182 223 231 195 193 230 235 211 
8 191 182 195 209 207 193 211 218 
8 642 636 627 637 209 195 183 196 
8 636 659 657 627 195 231 226 183 
8 627 657 668 665 183 226 438 420 
8 637 627 665 669 196 183 420 443 
8 209 195 183 196 218 211 197 212 
8 195 231 226 183 211 235 233 197 
8 183 226 438 420 197 233 454 441 
8 196 183 420 443 212 197 441 455 
8 643 635 628 638 213 194 184 199 
8 635 642 637 628 194 209 196 184 
8 628 637 669 666 184 196 443 425 
8 638 628 666 673 199 184 425 469 
8 213 194 184 199 219 210 198 215 
8 194 209 196 184 210 218 212 198 
8 184 196 443 425 198 212 455 444 
8 199 184 425 469 215 198 444 476 
8 219 214 200 215 213 201 185 199 
8 214 391 386 200 201 387 373 185 
8 200 386 533 472 185 373 532 465 
8 215 200 472 476 199 185 465 469 
8 213 201 185 199 643 639 629 638 
8 201 387 373 185 639 651 649 629 
8 185 373 532 465 629 649 677 672 
8 199 185 465 469 638 629 672 673 
8 658 654 652 655 228 222 220 223 
8 654 684 680 652 222 244 238 220 
8 652 680 685 656 220 238 247 225 
8 655 652 656 659 223 220 225 231 
8 228 222 220 223 234 229 224 230 
8 222 244 238 220 229 250 245 224 
8 220 238 247 225 224 245 251 232 
8 223 220 225 231 230 224 232 235 
8 659 656 653 657 231 225 221 226 
8 656 685 683 653 225 247 242 221 
8 653 683 689 663 221 242 587 417 
8 657 653 663 668 226 221 417 438 
8 231 225 221 226 235 232 227 233 
8 225 247 242 221 232 251 249 227 
8 221 242 587 417 227 249 597 439 
8 226 221 417 438 233 227 439 454 
8 684 681 678 680 244 239 236 238 
8 681 696 692 678 239 274 258 236 
8 678 692 697 682 236 258 278 241 
8 680 678 682 685 238 236 241 247 
8 244 239 236 238 250 246 240 245 
8 239 274 258 236 246 288 275 240 
8 236 258 278 241 240 275 289 248 
8 238 236 241 247 245 240 248 251 
8 685 682 679 683 247 241 237 242 
8 682 697 694 679 241 278 263 237 
8 679 694 701 688 237 263 582 571 
8 683 679 688 689 242 237 571 587 
8 247 241 237 242 251 248 243 249 
8 241 278 263 237 248 289 279 243 
8 237 263 582 571 243 279 596 586 
8 242 237 571 587 249 243 586 597 
8 697 692 690 695 278 258 252 264 
8 692 696 693 690 258 274 260 252 
8 690 693 730 718 252 260 719 706 
8 695 690 718 731 264 252 706 722 
8 278 258 252 264 289 275 261 280 
8 258 274 260 252 275 288 277 261 
8 252 260 719 706 261 277 732 724 
8 264 252 706 722 280 261 724 733 
8 289 275 261 280 281 259 253 267 
8 275 288 277 261 259 276 262 253 
8 261 277 732 724 253 262 726 713 
8 280 261 724 733 267 253 713 729 
8 281 259 253 267 291 282 269 286 
8 259 276 262 253 282 290 284 269 
8 253 262 726 713 269 284 748 742 
8 267 253 713 729 286 269 742 749 
8 701 694 691 699 582 263 254 566 
8 694 697 695 691 263 278 264 254 
8 691 695 731 721 254 264 722 709 
8 699 691 721 764 566 254 709 758 
8 582 263 254 566 596 279 265 583 
8 263 278 264 254 279 289 280 265 
8 254 264 722 709 265 280 733 727 
8 566 254 709 758 583 265 727 765 
8 596 279 265 583 585 266 255 570 
8 279 289 280 265 266 281 267 255 
8 265 280 733 727 255 267 729 716 
8 583 265 727 765 570 255 716 763 
8 585 266 255 570 598 285 271 590 
8 266 281 267 255 285 291 286 271 
8 255 267 729 716 271 286 749 745 
8 570 255 716 763 590 271 745 773 
8 291 282 269 286 287 268 256 273 
8 282 290 284 269 268 283 270 256 
8 269 284 748 742 256 270 744 737 
8 286 269 742 749 273 256 737 746 
8 287 268 256 273 335 328 323 332 
8 268 283 270 256 328 334 330 323 
8 256 270 744 737 323 330 788 782 
8 273 256 737 746 332 323 782 789 
8 598 285 271 590 591 272 257 576 
8 285 291 286 271 272 287 273 257 
8 271 286 749 745 257 273 746 739 
8 590 271 745 773 576 257 739 770 
8 591 272 257 576 614 331 325 608 
8 272 287 273 257 331 335 332 325 
8 257 273 746 739 325 332 789 785 
8 576 257 739 770 608 325 785 797 
8 335 328 323 332 333 322 320 327 
8 328 334 330 323 322 329 324 320 
8 323 330 788 782 320 324 784 777 
8 332 323 782 789 327 320 777 787 
8 333 322 320 327 351 346 344 349 
8 322 329 324 320 346 350 347 344 
8 320 324 784 777 344 347 804 800 
8 327 320 777 787 349 344 800 805 
8 614 331 325 608 610 326 321 606 
8 331 335 332 325 326 333 327 321 
8 325 332 789 785 321 327 787 780 
8 608 325 785 797 606 321 780 796 
8 610 326 321 606 622 348 345 620 
8 326 333 327 321 348 351 349 345 
8 321 327 787 780 345 349 805 802 
8 606 321 780 796 620 345 802 809 

CELL_TYPES 384
12
12
12
12
12
12
12
12
12
12
12
12
12
12
12
12
12
12
12
12
12
12
12
12
12
12
12
12
12
12
12
12
12
12
12
12
12
12
12
12
12
12
12
12
12
12
12
12
12
12
12
12
12
12
12
12
12
12
12
12
12
12
12
12
12
12
12
12
12
12
12
12
12
12
12
12
12
12
12
12
12
12
12
12
12
12
12
12
12
12
12
12
12
12
12
12
12
12
12
12
12
12
12
12
12
12
12
12
12
12
12
12
12
12
12
12
12
12
12
12
12
12
12
12
12
12
12
12
12
12
12
12
12
12
12
12
12
12
12
12
12
12
12
12
12
12
12
12
12
12
12
12
12
12
12
12
12
12
12
12
12
12
12
12
12
12
12
12
12
12
12
12
12
12
12
12
12
12
12
12
12
12
12
12
12
12
12
12
12
12
12
12
12
12
12
12
12
12
12
12
12
12
12
12
12
12
12
12
12
12
12
12
12
12
12
12
12
12
12
12
12
12
12
12
12
12
12
12
12
12
12
12
12
12
12
12
12
12
12
12
12
12
12
12
12
12
12
12
12
12
12
12
12
12
12
12
12
12
12
12
12
12
12
12
12
12
12
12
12
12
12
12
12
12
12
12
12
12
12
12
12
12
12
12
12
12
12
12
12
12
12
12
12
12
12
12
12
12
12
12
12
12
12
12
12
12
12
12
12
12
12
12
12
12
12
12
12
12
12
12
12
12
12
12
12
12
12
12
12
12
12
12
12
12
12
12
12
12
12
12
12
12
12
12
12
12
12
12
12
12
12
12
12
12
12
12
12
12
12
12
12
12
12
12
12
12
12
12
12
12
12
12
12
12
12
12
12
12
12
12
12
12
12
12
POINT_DATA 810
SCALARS pact float 1
LOOKUP_TABLE default
0
0
0
0
0
0
0
0
0
0
0
0
0
0
0
0
0
0
0
0
0
0
0
0
0
0
0
0
0
0
1
0
0
0
0
0
0
0
0
0
0
0
0
0
0
0
0
0
0
0
0
1
0
0
0
0
0
0
0
0
0
0
0
0
0
0
1
0
1
0
0
0
0
0
0
0
0
0
0
0
0
0
0
1
1
0
0
0
0
0
0
0
0
1
0
0
0
1
0
0
0
0
0
0
0
0
0
0
0
0
0
0
0
1
0
0
0
0
0
0
0
0
0
0
0
0
0
0
0
0
0
0
0
0
1
0
0
0
0
0
0
0
0
0
1
0
1
0
0
1
0
0
0
0
0
0
0
0
0
0
1
0
1
0
0
1
0
0
0
0
0
0
1
1
0
0
1
1
0
0
0
0
0
0
0
0
0
0
0
0
0
0
0
0
0
0
0
0
0
0
0
0
0
0
0
0
0
0
0
0
0
0
0
0
0
0
0
0
0
0
0
0
0
0
0
0
0
0
0
0
0
0
0
0
0
0
0
0
0
0
0
0
0
0
0
0
0
0
0
0
0
0
0
0
0
0
0
0
0
0
0
0
0
0
0
0
0
0
0
0
0
0
0
0
0
0
0
0
0
0
0
0
0
0
0
0
0
0
0
0
0
0
0
0
0
0
0
0
0
0
0
0
1
0
0
0
0
0
0
1
0
0
0
0
0
1
0
0
1
0
0
0
0
0
0
0
0
0
0
0
0
0
0
0
0
0
0
0
0
0
0
0
1
0
0
0
0
0
0
0
0
0
0
0
0
0
0
0
0
0
0
0
0
0
0
0
0
0
0
0
0
0
0
0
0
0
0
0
0
0
0
0
0
0
0
0
0
0
0
0
0
0
0
0
0
0
0
0
0
0
0
0
0
0
0
0
0
0
0
0
0
0
0
0
0
0
0
0
0
0
0
0
0
0
0
0
0
0
0
0
0
0
0
0
0
0
0
0
0
0
0
0
0
0
0
0
0
0
0
0
0
0
0
0
0
0
0
0
0
0
0
0
0
0
0
0
0
0
0
0
0
0
0
0
0
0
0
0
0
0
0
0
0
0
0
0
0
0
0
0
0
0
0
0
0
0
0
0
0
0
0
0
0
0
0
0
0
0
0
0
0
0
0
0
0
0
0
0
0
0
0
0
0
0
0
0
0
0
0
0
0
0
0
0
0
0
0
0
0
0
0
0
0
0
0
0
0
0
0
0
0
0
0
0
0
0
0
0
0
0
0
0
0
0
0
0
0
0
0
0
0
0
0
0
0
0
0
0
0
0
0
0
0
0
0
0
0
0
0
0
0
0
0
0
0
0
0
0
0
0
0
0
0
0
0
0
0
0
0
0
0
0
0
0
0
0
0
0
0
0
0
0
0
0
0
0
0
0
0
0
0
0
0
0
0
0
0
0
0
0
0
0
0
0
0
0
0
0
0
0
0
0
0
0
0
0
0
0
0
0
0
0
0
0
0
0
0
0
0
0
0
0
0
0
0
0
0
0
0
0
0
0
0
0
0
0
0
0
0
0
0
0
0
0
0
0
0
0
0
0
0
0
0
0
0
0
0
0
0
0
0
0
0
0
0
0
0
0
0
0
0
0
0
0
0
0
0
0
0
0
0
0
0
0
0
0
0
0
0
0
0
0
0
0
0
0
0
0
0
0
0
0
0
0
0
0
0
0
0
0
0
0
0
0
0
0
0
0
0
0
0
0
0
0
0
0
0
0
0
0
0
0
0
0
0
0
0
0
0
0
0
0
0
0
0
0
0
0
0
0
0
0
0
0
0
0
0
0
0
0

CELL_DATA 384
SCALARS eact float 1
LOOKUP_TABLE default
1
1
1
1
1
1
1
1
1
1
1
1
1
1
1
1
1
1
1
1
1
1
1
1
1
1
1
1
1
1
1
1
1
1
1
1
1
1
1
1
1
1
1
1
1
1
1
1
1
1
1
1
1
1
1
1
1
1
1
1
1
1
1
1
1
1
1
1
1
1
1
1
1
1
1
1
1
1
1
1
1
1
1
1
1
1
1
1
1
1
1
1
1
1
1
1
0
0
0
0
0
0
0
0
0
0
0
0
0
0
0
0
0
0
0
0
0
0
0
0
0
0
0
0
0
0
0
0
0
0
0
0
0
0
0
0
0
0
0
0
0
0
0
0
0
0
0
0
0
0
0
0
0
0
0
0
0
0
0
0
0
0
0
0
0
0
0
0
0
0
0
0
0
0
0
0
0
0
0
0
0
0
0
0
0
0
0
0
0
0
0
0
0
0
0
0
0
0
0
0
0
0
0
0
0
0
0
0
0
0
0
0
0
0
0
0
0
0
0
0
0
0
0
0
0
0
0
0
0
0
0
0
0
0
0
0
0
0
0
0
0
0
0
0
0
0
0
0
0
0
0
0
0
0
0
0
0
0
0
0
0
0
0
0
0
0
0
0
0
0
0
0
0
0
0
0
0
0
0
0
0
0
0
0
0
0
0
0
0
0
0
0
0
0
0
0
0
0
0
0
0
0
0
0
0
0
0
0
0
0
0
0
0
0
0
0
0
0
0
0
0
0
0
0
0
0
0
0
0
0
0
0
0
0
0
0
0
0
0
0
0
0
0
0
0
0
0
0
0
0
0
0
0
0
0
0
0
0
0
0
0
0
0
0
0
0
0
0
0
0
0
0
0
0
0
0
0
0
0
0
0
0
0
0
