# vtk DataFile Version 3.1 
for LSEConsole
ASCII
DATASET UNSTRUCTURED_GRID
POINTS 400 FLOAT
13.8029	20.3053	30
30	30	30
13.8029	20.3053	0
30	30	0
6.94046	20.3053	30
0	30	30
6.94046	20.3053	0
0	30	0
0	0	0
6.94046	13.0316	0
0	0	30
6.94046	13.0316	30
30	0	30
30	0	0
13.8029	13.0316	30
13.8029	13.0316	0
22.3626734	25.5508468	30
30	30	15
22.3626712	25.5508369	0
13.7408	20.3629	14.9995681
0	0	0
10.3716802	21.66	30
12.6261704	25.5948529	30
15	30	30
15	30	15
15	30	0
12.6260882	25.5947565	0
10.3716802	21.66	0
10.3718426	21.6652952	14.9999633
12.2978778	24.6245722	14.3161977
3.04488869	25.5460632	30
0	30	15
3.04491146	25.5460594	0
7.00256995	20.3629	15.0003593
0	0	0
0	15	0
3.03290908	6.10601709	0
5.3716729	16.6684498	0
2.86054535	15.8648596	0
0	15	15
0	0	15
0	0	0
7.00247998	12.9741	14.9995984
5.3716746	16.6684885	14.9999794
2.61312466	11.2248965	16.3904332
0	15	30
3.03287101	6.10599082	30
5.3716729	16.6684498	30
2.85952076	15.8650875	30
15	0	30
30	0	15
15	0	0
15	0	15
12.6503656	6.08437177	30
22.357365	6.11382933	30
0	0	0
22.3573622	6.11383552	0
12.6502968	6.08447484	0
8.8054814	5.11315499	16.3611759
10.3716802	11.6769	30
13.7408999	12.9740999	15.0003971
10.3716802	11.6769	0
10.3718204	11.6716033	14.9999971
15.3716971	16.6684498	30
15.3716971	16.6684498	0
15.3716968	16.6684622	14.999983
22.4004407	15.8424723	30
22.4005646	15.8424701	0
22.7612826	11.9954206	14.753896
30	15	30
30	15	0
30	15	15
18.5113189	23.2890906	30
0	0	0
0	0	0
13.7408	20.3629	22.5001417
0	0	0
12.2154897	21.3092288	30
14.8779745	23.2667286	30
17.4791136	25.5306712	30
11.0284785	17.70494	17.3758701
6.14893889	12.3122861	7.15809884
8.54397879	15.4455596	10.3279807
12.1758887	21.3244088	14.9997658
12.1772914	21.3233344	22.500412
14.5840873	22.0107475	28.6628468
11.4495809	23.49052	30
12.4620241	25.1097125	22.1580988
11.3348602	23.1449337	14.6580805
10.3732973	21.6626662	22.5006061
11.4292465	23.4025832	22.5601589
0	22.5	0
1.44928043	15.4372999	0
3.02519163	20.6011185	0
1.51145664	27.7806728	0
1.51782135	21.5597229	0
0	30	7.5
0	22.5	7.5
0	15	7.5
1.38033398	14.2045149	8.26170574
2.73683501	13.544878	8.1952166
1.85861852	11.2715888	4.09163877
0	0	0
0	0	0
1.06482268	17.8294769	5.79880415
0	22.5	15
1.30656233	13.1124482	15.6952166
1.30656233	5.61244823	8.1952166
0	0	0
0.511159067	13.498072	10.4146955
7.5	0	30
15	0	22.5
7.5	0	15
0	0	22.5
7.5	0	22.5
1.50778631	3.04838736	30
7.68360526	3.04364232	30
13.8269825	3.04861548	30
12.8511371	2.77562025	22.6405663
11.9027407	2.55657749	15.6805879
5.68166121	1.03128037	11.3037455
0	0	0
0	0	0
6.88168473	2.10322855	21.1172012
7.87951227	6.08249446	30
10.7279235	5.59876338	23.1805879
4.4027407	2.55657749	8.18058794
0	0	0
5.74757445	4.22884869	19.1695322
14.9549632	18.6454694	30
15.3716112	16.6666945	22.5004286
14.9458162	18.6876574	14.9997773
14.9465497	18.6857304	22.500271
18.590254	19.7224417	30
18.6746749	16.2649837	30
18.9954133	15.256782	22.2414156
19.0664897	14.3319414	14.8769395
11.8821238	10.8362744	10.0113802
15.7264363	15.9242315	20.5941809
22.3814659	20.6747481	30
22.5808617	13.9189465	22.376948
11.3806413	5.99771031	7.37694802
15.7247431	12.4598764	17.4431022
26.1848814	27.7814192	30
30	30	22.5
0	0	0
0	0	0
20.001457	27.7708433	30
22.5	30	30
22.5	30	22.5
22.5	30	15
14.6368005	20.2047524	10.4355708
16.7783081	22.7712965	18.5706459
13.8145888	27.7856598	30
15	30	22.5
13.6489389	27.3122861	14.6580988
13.7234422	27.5366018	22.1556324
30	30	7.5
26.1848816	27.7814177	0
0	0	0
0	0	0
22.5	30	7.5
22.5	30	0
20.0014577	27.7708378	0
17.4791009	25.53064	0
10.6779167	17.2429149	3.54965257
16.8852493	22.9326876	5.73082385
15	30	7.5
13.8145971	27.7856432	0
12.461983	25.1096643	7.15809884
13.7364819	27.5616583	7.50184556
18.5118331	23.289169	0
13.7408	20.3629	7.4989944
0	0	0
14.8774309	23.2666345	0
12.2154897	21.3092288	0
12.1749061	21.3251169	7.49915327
11.9467325	19.9704576	5.53946614
11.4498681	23.4921242	0
10.370263	21.6626019	7.49933572
11.4154465	23.3807309	7.09540866
8.52787255	21.3092277	30
8.16417059	23.4114212	30
7.90691723	25.5927952	30
6.54599225	17.7227587	17.3838602
6.14893889	12.3122861	7.15809884
6.68881371	15.2304015	10.1291039
8.56747089	21.3244539	15.0001619
8.56844304	21.3251707	22.5007864
6.30403507	20.4647799	26.8451681
4.62021296	23.2728117	30
0	0	0
0	0	0
7.00247505	20.3628502	22.5009366
0	0	0
7.69640122	27.7932796	30
7.5	30	30
7.5	30	22.5
7.5	30	15
5.549509	20.3483975	10.496699
5.94557684	22.7801299	18.5585621
1.51144548	27.7806787	30
0	30	22.5
0	0	0
7.5	30	7.5
7.5	30	0
7.69641251	27.7932861	0
7.90676668	25.5933027	0
6.70779931	17.6496895	3.64921281
5.99315051	22.9241549	5.73809891
8.16418354	23.4112626	0
8.52787255	21.3092277	0
8.56610509	21.3239805	7.49951512
7.83192877	19.9698604	5.53956504
4.62103739	23.2723529	0
7.00253501	20.3629	7.49978195
0	0	0
0	7.5	0
1.50779436	3.04839221	0
3.06551017	11.0450873	0
1.5280138	9.25649698	0
0	7.5	7.5
0	0	7.5
0	0	0
0	0	0
2.07458827	8.65801559	4.94440335
1.06093934	9.41457275	5.93478996
0	7.5	15
1.30656233	5.61244823	8.1952166
0.447379874	5.70588669	11.1584313
4.6012212	9.1988485	0
5.78834705	14.6914068	0
4.19271924	16.2801135	0
4.6034102	12.9051605	0
0	0	0
7.0024949	12.9740502	7.49899618
5.797912	14.6484337	7.49932751
5.371744	16.6669774	7.49953293
4.03936422	14.9771145	8.62015021
3.9374447	11.0348708	5.76426889
0	0	0
5.79749345	14.649296	14.9997894
3.99239963	13.9466925	15.6952063
3.34146556	9.47374085	10.8689208
5.78834705	18.6454932	0
4.49934312	19.6117977	0
5.79691726	18.6860771	7.49967496
4.15061987	15.8301192	5.79884648
5.79752211	18.6876793	15.0001687
3.25471769	10.7381628	10.455314
0	22.5	22.5
0	15	22.5
1.36133235	14.2027884	22.4019624
2.73632271	13.544992	23.1952166
2.17630611	14.3886044	20.5208217
1.1925798	19.108581	25.5380772
0	22.5	30
1.44922788	15.4373101	30
3.02549901	20.6011786	30
1.51781987	21.5597333	30
0	7.5	22.5
2.08904543	7.88239873	19.0775834
1.04380118	7.94526615	21.1511008
0	7.5	30
3.0652855	11.0449649	30
1.52798623	9.25649111	30
0	0	0
7.002495	12.97405	22.5002005
5.79692956	14.650801	22.5002977
5.37174433	16.6698296	22.5004325
4.05463534	14.9883159	22.0968091
3.8876292	10.5896107	19.7973194
4.60146346	9.19885843	30
5.78834722	14.6914064	30
4.19276591	16.2796912	30
4.60130126	12.9040033	30
5.79786494	18.6883429	22.5006263
3.47563949	16.8629493	25.9525854
5.78834722	18.6454936	30
4.4988641	19.6120037	30
22.5	0	30
30	0	22.5
22.5	0	15
22.5	0	22.5
20.0015478	3.05810952	30
26.1830619	3.05134162	30
0	0	0
0	0	0
12.6697256	1.08005943	10.4144594
17.749903	2.4208999	25.4302888
17.4873614	6.12231333	30
0	0	0
4.4027407	2.55657749	8.18058794
11.7715127	4.35350712	20.0286883
30	0	7.5
22.5	0	0
15	0	7.5
22.5	0	7.5
0	0	0
26.183062	3.05134259	0
20.0015459	3.05811368	0
13.8269976	3.04860953	0
12.8140576	2.82911664	8.03542587
16.7266426	2.16393317	5.79514698
0	0	0
17.4873525	6.12231607	0
10.7278891	5.59881491	8.18058794
9.52432012	3.79469405	4.01575008
7.5	0	0
7.5	0	7.5
7.68362656	3.04364983	0
8.36352172	2.14444907	5.90498864
7.87951962	6.08253165	0
6.48039111	4.21076148	4.70994087
8.12181184	9.10161889	30
11.4700075	9.0551246	30
10.5334128	8.65192806	22.729096
9.58865089	8.39237913	15.6805865
6.02359673	6.64623834	10.700685
6.71981928	7.59242175	19.8992129
8.52787255	12.0276723	30
10.3702654	11.6743273	22.5006464
8.56741695	12.012487	14.9997962
8.56606359	12.0128671	22.500468
14.9157485	9.19990956	30
18.5061193	9.2023826	30
0	0	0
0	0	0
7.37256041	6.48828769	10.5517975
12.0934226	7.82269226	23.1144006
12.2154897	12.0276712	30
13.7408	12.974	22.5009881
12.1759178	12.0124892	15.0001961
12.1749212	12.0117603	22.5008271
0	0	0
18.5057371	9.20258156	0
14.9153516	9.20011074	0
11.4698954	9.05541818	0
10.5402324	8.59310713	7.94260264
11.5125551	8.33320856	5.79519626
13.7408	12.974	7.49980606
12.2154897	12.0276712	0
10.3731741	11.6741441	7.49935335
12.1771339	12.0133608	7.49955045
8.1214296	9.1006815	0
7.19183303	7.75451709	5.78337065
8.52787255	12.0276723	0
8.56848352	12.0117753	7.49916599
14.9549632	14.6914306	30
14.9458004	14.649301	15.0001883
14.9453517	14.6483122	22.5006465
18.5562003	12.7879895	30
12.5757859	9.52177604	10.3265683
14.6707675	10.2864236	19.1316584
22.3670597	10.99729	30
11.3806413	5.99771031	7.37694802
15.8785064	8.00086948	17.6209014
14.9549632	14.6914306	0
15.3716189	16.6699588	7.49953692
14.9464371	14.6508738	7.49968691
18.5559016	12.788477	0
18.6742524	16.2652999	0
18.9829663	15.2614689	7.63550118
14.8088595	10.6854806	5.37494135
22.3670288	10.9972734	0
22.5809236	13.9189454	7.37694802
15.8880627	8.18335887	3.92923114
14.9549632	18.6454694	0
14.9454079	18.6884766	7.49932599
18.5903741	19.7226284	0
15.7264515	15.92423	5.59418088
22.3814095	20.6747273	0
15.2440792	11.8716077	3.678088
26.1889793	21.5916166	30
26.193957	15.4209313	30
26.2690836	14.4534786	22.4159322
26.3806413	13.4977103	14.876948
19.9911785	14.5726087	10.5702316
22.3936981	17.418355	19.1040209
30	22.5	30
30	15	22.5
30	22.5	15
30	22.5	22.5
26.1832078	9.24390084	30
20.0977329	5.67798497	10.6246946
22.1144781	6.67153963	19.0918342
30	7.5	30
30	7.5	15
30	7.5	22.5
26.1832091	9.2439052	0
26.1939682	15.4209346	0
26.2830583	14.455219	7.46240573
22.3067816	6.76800551	5.58334607
30	7.5	0
30	15	7.5
30	7.5	7.5
26.1889814	21.5916102	0
23.287994	17.8016948	6.05936201
30	22.5	0
30	22.5	7.5
CELLS 256 2304
8 0 72 76 75 77 78 85 84 
8 7 91 95 94 96 97 104 103 
8 10 110 114 113 115 116 123 122 
8 0 129 132 75 72 133 138 76 
8 16 143 146 73 79 147 152 80 
8 20 145 160 159 81 151 166 165 
8 19 74 173 172 83 82 177 176 
8 21 86 90 89 181 182 189 188 
8 22 153 156 87 183 195 200 184 
8 29 155 170 169 185 199 209 208 
8 28 88 180 179 187 186 213 212 
8 35 217 220 92 98 221 226 99 
8 38 219 233 232 100 225 239 238 
8 32 93 245 214 102 101 247 216 
8 31 105 109 108 202 250 255 203 
8 39 227 229 106 251 260 262 252 
8 44 228 243 242 253 261 271 270 
8 34 107 249 192 191 254 277 194 
8 49 280 283 111 117 284 289 118 
8 52 282 297 296 119 288 303 302 
8 40 112 309 222 121 120 311 223 
8 46 124 128 127 272 314 319 266 
8 53 290 293 125 315 324 329 316 
8 58 292 307 306 317 328 339 338 
8 41 126 313 224 240 318 345 234 
8 63 348 350 130 134 351 353 135 
8 65 349 359 358 136 352 363 362 
8 19 131 368 172 74 137 370 173 
8 16 139 142 73 143 373 378 146 
8 66 354 356 140 374 383 385 375 
8 68 355 366 365 376 384 392 391 
8 20 141 372 159 145 377 397 160 
8 72 16 73 76 78 79 80 85 
8 76 73 20 74 85 80 81 82 
8 75 76 74 19 84 85 82 83 
8 77 78 85 84 21 86 90 89 
8 78 79 80 85 86 22 87 90 
8 85 80 81 82 90 87 29 88 
8 84 85 82 83 89 90 88 28 
8 91 35 92 95 97 98 99 104 
8 95 92 38 93 104 99 100 101 
8 94 95 93 32 103 104 101 102 
8 96 97 104 103 31 105 109 108 
8 97 98 99 104 105 39 106 109 
8 104 99 100 101 109 106 44 107 
8 103 104 101 102 108 109 107 34 
8 110 49 111 114 116 117 118 123 
8 114 111 52 112 123 118 119 120 
8 113 114 112 40 122 123 120 121 
8 115 116 123 122 46 124 128 127 
8 116 117 118 123 124 53 125 128 
8 123 118 119 120 128 125 58 126 
8 122 123 120 121 127 128 126 41 
8 129 63 130 132 133 134 135 138 
8 132 130 65 131 138 135 136 137 
8 75 132 131 19 76 138 137 74 
8 72 133 138 76 16 139 142 73 
8 133 134 135 138 139 66 140 142 
8 138 135 136 137 142 140 68 141 
8 76 138 137 74 73 142 141 20 
8 143 1 144 146 147 148 149 152 
8 146 144 17 145 152 149 150 151 
8 73 146 145 20 80 152 151 81 
8 79 147 152 80 22 153 156 87 
8 147 148 149 152 153 23 154 156 
8 152 149 150 151 156 154 24 155 
8 80 152 151 81 87 156 155 29 
8 145 17 157 160 151 150 161 166 
8 160 157 3 158 166 161 162 163 
8 159 160 158 18 165 166 163 164 
8 81 151 166 165 29 155 170 169 
8 151 150 161 166 155 24 167 170 
8 166 161 162 163 170 167 25 168 
8 165 166 163 164 169 170 168 26 
8 74 20 159 173 82 81 165 177 
8 173 159 18 171 177 165 164 174 
8 172 173 171 2 176 177 174 175 
8 83 82 177 176 28 88 180 179 
8 82 81 165 177 88 29 169 180 
8 177 165 164 174 180 169 26 178 
8 176 177 174 175 179 180 178 27 
8 86 22 87 90 182 183 184 189 
8 90 87 29 88 189 184 185 186 
8 89 90 88 28 188 189 186 187 
8 181 182 189 188 4 190 194 193 
8 182 183 184 189 190 30 191 194 
8 189 184 185 186 194 191 34 192 
8 188 189 186 187 193 194 192 33 
8 153 23 154 156 195 196 197 200 
8 156 154 24 155 200 197 198 199 
8 87 156 155 29 184 200 199 185 
8 183 195 200 184 30 201 203 191 
8 195 196 197 200 201 5 202 203 
8 200 197 198 199 203 202 31 108 
8 184 200 199 185 191 203 108 34 
8 155 24 167 170 199 198 204 209 
8 170 167 25 168 209 204 205 206 
8 169 170 168 26 208 209 206 207 
8 185 199 209 208 34 108 103 102 
8 199 198 204 209 108 31 96 103 
8 209 204 205 206 103 96 7 94 
8 208 209 206 207 102 103 94 32 
8 88 29 169 180 186 185 208 213 
8 180 169 26 178 213 208 207 210 
8 179 180 178 27 212 213 210 211 
8 187 186 213 212 33 192 216 215 
8 186 185 208 213 192 34 102 216 
8 213 208 207 210 216 102 32 214 
8 212 213 210 211 215 216 214 6 
8 217 8 218 220 221 222 223 226 
8 220 218 36 219 226 223 224 225 
8 92 220 219 38 99 226 225 100 
8 98 221 226 99 39 227 229 106 
8 221 222 223 226 227 40 121 229 
8 226 223 224 225 229 121 41 228 
8 99 226 225 100 106 229 228 44 
8 219 36 230 233 225 224 234 239 
8 233 230 9 231 239 234 235 236 
8 232 233 231 37 238 239 236 237 
8 100 225 239 238 44 228 243 242 
8 225 224 234 239 228 41 240 243 
8 239 234 235 236 243 240 42 241 
8 238 239 236 237 242 243 241 43 
8 93 38 232 245 101 100 238 247 
8 245 232 37 244 247 238 237 246 
8 214 245 244 6 216 247 246 215 
8 102 101 247 216 34 107 249 192 
8 101 100 238 247 107 44 242 249 
8 247 238 237 246 249 242 43 248 
8 216 247 246 215 192 249 248 33 
8 105 39 106 109 250 251 252 255 
8 109 106 44 107 255 252 253 254 
8 108 109 107 34 203 255 254 191 
8 202 250 255 203 5 256 259 201 
8 250 251 252 255 256 45 257 259 
8 255 252 253 254 259 257 48 258 
8 203 255 254 191 201 259 258 30 
8 227 40 121 229 260 113 122 262 
8 229 121 41 228 262 122 127 261 
8 106 229 228 44 252 262 261 253 
8 251 260 262 252 45 263 265 257 
8 260 113 122 262 263 10 115 265 
8 262 122 127 261 265 115 46 264 
8 252 262 261 253 257 265 264 48 
8 228 41 240 243 261 127 266 271 
8 243 240 42 241 271 266 267 268 
8 242 243 241 43 270 271 268 269 
8 253 261 271 270 48 264 275 274 
8 261 127 266 271 264 46 272 275 
8 271 266 267 268 275 272 11 273 
8 270 271 268 269 274 275 273 47 
8 107 44 242 249 254 253 270 277 
8 249 242 43 248 277 270 269 276 
8 192 249 248 33 194 277 276 193 
8 191 254 277 194 30 258 279 190 
8 254 253 270 277 258 48 274 279 
8 277 270 269 276 279 274 47 278 
8 194 277 276 193 190 279 278 4 
8 280 12 281 283 284 285 286 289 
8 283 281 50 282 289 286 287 288 
8 111 283 282 52 118 289 288 119 
8 117 284 289 118 53 290 293 125 
8 284 285 286 289 290 54 291 293 
8 289 286 287 288 293 291 55 292 
8 118 289 288 119 125 293 292 58 
8 282 50 294 297 288 287 298 303 
8 297 294 13 295 303 298 299 300 
8 296 297 295 51 302 303 300 301 
8 119 288 303 302 58 292 307 306 
8 288 287 298 303 292 55 304 307 
8 303 298 299 300 307 304 56 305 
8 302 303 300 301 306 307 305 57 
8 112 52 296 309 120 119 302 311 
8 309 296 51 308 311 302 301 310 
8 222 309 308 8 223 311 310 218 
8 121 120 311 223 41 126 313 224 
8 120 119 302 311 126 58 306 313 
8 311 302 301 310 313 306 57 312 
8 223 311 310 218 224 313 312 36 
8 124 53 125 128 314 315 316 319 
8 128 125 58 126 319 316 317 318 
8 127 128 126 41 266 319 318 240 
8 272 314 319 266 11 320 323 267 
8 314 315 316 319 320 59 321 323 
8 319 316 317 318 323 321 62 322 
8 266 319 318 240 267 323 322 42 
8 290 54 291 293 324 325 326 329 
8 293 291 55 292 329 326 327 328 
8 125 293 292 58 316 329 328 317 
8 315 324 329 316 59 330 333 321 
8 324 325 326 329 330 14 331 333 
8 329 326 327 328 333 331 60 332 
8 316 329 328 317 321 333 332 62 
8 292 55 304 307 328 327 334 339 
8 307 304 56 305 339 334 335 336 
8 306 307 305 57 338 339 336 337 
8 317 328 339 338 62 332 343 342 
8 328 327 334 339 332 60 340 343 
8 339 334 335 336 343 340 15 341 
8 338 339 336 337 342 343 341 61 
8 126 58 306 313 318 317 338 345 
8 313 306 57 312 345 338 337 344 
8 224 313 312 36 234 345 344 230 
8 240 318 345 234 42 322 347 235 
8 318 317 338 345 322 62 342 347 
8 345 338 337 344 347 342 61 346 
8 234 345 344 230 235 347 346 9 
8 348 14 331 350 351 325 326 353 
8 350 331 60 349 353 326 327 352 
8 130 350 349 65 135 353 352 136 
8 134 351 353 135 66 354 356 140 
8 351 325 326 353 354 54 291 356 
8 353 326 327 352 356 291 55 355 
8 135 353 352 136 140 356 355 68 
8 349 60 340 359 352 327 334 363 
8 359 340 15 357 363 334 335 360 
8 358 359 357 64 362 363 360 361 
8 136 352 363 362 68 355 366 365 
8 352 327 334 363 355 55 304 366 
8 363 334 335 360 366 304 56 364 
8 362 363 360 361 365 366 364 67 
8 131 65 358 368 137 136 362 370 
8 368 358 64 367 370 362 361 369 
8 172 368 367 2 173 370 369 171 
8 74 137 370 173 20 141 372 159 
8 137 136 362 370 141 68 365 372 
8 370 362 361 369 372 365 67 371 
8 173 370 369 171 159 372 371 18 
8 139 66 140 142 373 374 375 378 
8 142 140 68 141 378 375 376 377 
8 73 142 141 20 146 378 377 145 
8 143 373 378 146 1 379 382 144 
8 373 374 375 378 379 69 380 382 
8 378 375 376 377 382 380 71 381 
8 146 378 377 145 144 382 381 17 
8 354 54 291 356 383 285 286 385 
8 356 291 55 355 385 286 287 384 
8 140 356 355 68 375 385 384 376 
8 374 383 385 375 69 386 388 380 
8 383 285 286 385 386 12 281 388 
8 385 286 287 384 388 281 50 387 
8 375 385 384 376 380 388 387 71 
8 355 55 304 366 384 287 298 392 
8 366 304 56 364 392 298 299 389 
8 365 366 364 67 391 392 389 390 
8 376 384 392 391 71 387 395 394 
8 384 287 298 392 387 50 294 395 
8 392 298 299 389 395 294 13 393 
8 391 392 389 390 394 395 393 70 
8 141 68 365 372 377 376 391 397 
8 372 365 67 371 397 391 390 396 
8 159 372 371 18 160 397 396 158 
8 145 377 397 160 17 381 399 157 
8 377 376 391 397 381 71 394 399 
8 397 391 390 396 399 394 70 398 
8 160 397 396 158 157 399 398 3 
CELL_TYPES 256
12
12
12
12
12
12
12
12
12
12
12
12
12
12
12
12
12
12
12
12
12
12
12
12
12
12
12
12
12
12
12
12
12
12
12
12
12
12
12
12
12
12
12
12
12
12
12
12
12
12
12
12
12
12
12
12
12
12
12
12
12
12
12
12
12
12
12
12
12
12
12
12
12
12
12
12
12
12
12
12
12
12
12
12
12
12
12
12
12
12
12
12
12
12
12
12
12
12
12
12
12
12
12
12
12
12
12
12
12
12
12
12
12
12
12
12
12
12
12
12
12
12
12
12
12
12
12
12
12
12
12
12
12
12
12
12
12
12
12
12
12
12
12
12
12
12
12
12
12
12
12
12
12
12
12
12
12
12
12
12
12
12
12
12
12
12
12
12
12
12
12
12
12
12
12
12
12
12
12
12
12
12
12
12
12
12
12
12
12
12
12
12
12
12
12
12
12
12
12
12
12
12
12
12
12
12
12
12
12
12
12
12
12
12
12
12
12
12
12
12
12
12
12
12
12
12
12
12
12
12
12
12
12
12
12
12
12
12
12
12
12
12
12
12
12
12
12
12
12
12
12
12
12
12
12
12
